video date target_total target_isis target_happy target_sad target_angry total isis happy sad angry
2016-01-19 2015-06-01 32 6 6 0 0 812 270 188 17 65
2016-01-19 2015-06-02 34 9 7 0 2 748 221 157 15 49
2016-01-19 2015-06-03 36 11 7 1 3 850 228 178 8 42
2016-01-19 2015-06-04 38 17 12 1 4 809 219 156 18 45
2016-01-19 2015-06-05 28 7 5 0 2 890 247 166 12 69
2016-01-19 2015-06-06 40 7 6 0 1 859 259 177 17 65
2016-01-19 2015-06-07 38 12 9 1 2 834 261 184 14 63
2016-01-19 2015-06-08 21 8 6 0 2 834 227 168 13 46
2016-01-19 2015-06-09 30 7 6 0 1 957 307 222 10 75
2016-01-19 2015-06-10 40 7 4 0 3 922 297 174 21 102
2016-01-19 2015-06-11 27 5 4 0 1 889 269 186 23 60
2016-01-19 2015-06-12 27 5 3 0 2 884 279 187 14 78
2016-01-19 2015-06-13 34 9 4 1 4 1037 281 209 22 50
2016-01-19 2015-06-14 28 12 9 0 3 848 247 192 16 39
2016-01-19 2015-06-15 36 4 3 0 1 833 214 159 10 45
2016-01-19 2015-06-16 29 4 3 0 1 884 253 179 21 53
2016-01-19 2015-06-17 46 17 13 1 3 912 280 199 17 64
2016-01-19 2015-06-18 33 17 14 1 2 951 291 181 28 82
2016-01-19 2015-06-19 45 12 8 3 1 1069 301 213 20 68
2016-01-19 2015-06-20 26 9 7 1 1 1121 358 237 42 79
2016-01-19 2015-06-21 47 14 9 0 5 1168 410 283 25 102
2016-01-19 2015-06-22 37 16 15 1 0 1046 375 268 29 78
2016-01-19 2015-06-23 29 6 4 0 2 939 284 207 13 64
2016-01-19 2015-06-24 52 11 6 0 5 978 284 184 14 86
2016-01-19 2015-06-25 44 26 9 4 13 954 301 222 25 54
2016-01-19 2015-06-26 39 18 12 2 4 914 321 213 35 73
2016-01-19 2015-06-27 54 22 14 1 7 894 251 169 21 61
2016-01-19 2015-06-28 43 16 9 1 6 1020 343 247 18 78
2016-01-19 2015-06-29 34 5 4 1 0 949 265 173 18 74
2016-01-19 2015-06-30 38 8 5 1 2 935 262 192 11 59
2016-01-19 2015-07-01 59 19 13 2 4 1015 297 198 24 75
2016-01-19 2015-07-02 52 19 18 0 1 950 276 191 28 57
2016-01-19 2015-07-03 40 13 12 1 0 988 320 196 33 91
2016-01-19 2015-07-04 45 17 7 1 9 992 268 181 20 67
2016-01-19 2015-07-05 45 18 8 3 7 1043 309 201 31 77
2016-01-19 2015-07-06 28 11 7 0 4 1151 278 200 29 49
2016-01-19 2015-07-07 42 12 11 0 1 942 264 179 29 56
2016-01-19 2015-07-08 26 5 3 1 1 958 296 195 31 70
2016-01-19 2015-07-09 20 9 4 4 1 827 227 158 23 46
2016-01-19 2015-07-10 45 16 11 0 5 1010 284 206 28 50
2016-01-19 2015-07-11 36 13 8 0 5 1030 293 205 24 64
2016-01-19 2015-07-12 36 10 7 1 2 1045 313 216 31 66
2016-01-19 2015-07-13 49 14 11 0 3 988 321 232 27 62
2016-01-19 2015-07-14 33 9 7 1 1 985 335 211 37 87
2016-01-19 2015-07-15 33 9 8 0 1 1029 314 232 22 60
2016-01-19 2015-07-16 28 6 4 1 1 862 254 171 21 62
2016-01-19 2015-07-17 59 23 19 1 3 804 247 168 15 64
2016-01-19 2015-07-18 27 5 4 0 1 875 260 183 19 58
2016-01-19 2015-07-19 34 7 4 2 1 887 298 212 19 67
2016-01-19 2015-07-20 27 6 2 2 2 941 312 214 24 74
2016-01-19 2015-07-21 49 24 20 0 4 897 271 199 20 52
2016-01-19 2015-07-22 48 20 15 4 1 875 270 198 26 46
2016-01-19 2015-07-23 29 6 2 0 4 902 288 191 23 74
2016-01-19 2015-07-24 44 26 19 3 4 857 265 194 19 52
2016-01-19 2015-07-25 32 15 3 0 12 946 279 207 23 49
2016-01-19 2015-07-26 36 17 9 3 5 995 329 246 15 68
2016-01-19 2015-07-27 57 19 11 2 6 991 278 202 15 61
2016-01-19 2015-07-28 27 4 3 0 1 941 307 231 20 56
2016-01-19 2015-07-29 60 12 9 0 3 889 268 192 22 54
2016-01-19 2015-07-30 70 36 28 0 8 843 258 175 23 60
2016-01-19 2015-07-31 60 21 14 3 4 855 241 186 16 39
2016-01-19 2015-08-01 45 14 7 2 5 915 283 190 18 75
2016-01-19 2015-08-02 41 16 11 1 4 962 325 249 21 55
2016-01-19 2015-08-03 66 25 17 0 8 1030 304 229 17 58
2016-01-19 2015-08-04 36 6 4 0 2 990 293 210 18 65
2016-01-19 2015-08-05 52 18 13 0 5 1048 332 241 16 75
2016-01-19 2015-08-06 56 20 12 2 6 929 291 214 14 63
2016-01-19 2015-08-07 38 13 7 0 6 911 246 172 13 61
2016-01-19 2015-08-08 35 19 10 3 6 956 277 195 14 68
2016-01-19 2015-08-09 38 13 10 1 2 1035 358 280 22 56
2016-01-19 2015-08-10 48 20 10 4 6 925 304 231 21 52
2016-01-19 2015-08-11 48 8 3 0 5 943 299 219 13 67
2016-01-19 2015-08-12 39 13 6 2 5 880 282 202 22 58
2016-01-19 2015-08-13 41 12 11 1 0 996 344 236 23 85
2016-01-19 2015-08-14 38 17 9 4 4 973 321 224 23 74
2016-01-19 2015-08-15 44 10 10 0 0 1016 281 206 20 55
2016-01-19 2015-08-16 38 10 5 1 4 1086 322 239 23 60
2016-01-19 2015-08-17 37 15 14 0 1 973 334 257 20 57
2016-01-19 2015-08-18 38 13 7 1 5 991 305 220 12 73
2016-01-19 2015-08-19 40 10 7 0 3 1017 303 206 16 81
2016-01-19 2015-08-20 38 11 6 2 3 974 304 201 25 78
2016-01-19 2015-08-21 37 14 11 1 2 1010 360 263 21 76
2016-01-19 2015-08-22 38 14 7 2 5 887 265 203 15 47
2016-01-19 2015-08-23 40 14 11 1 2 971 313 220 17 76
2016-01-19 2015-08-24 44 15 8 1 6 972 269 198 16 55
2016-01-19 2015-08-25 45 8 4 1 3 997 297 232 12 53
2016-01-19 2015-08-26 40 11 9 0 2 983 293 213 14 66
2016-01-19 2015-08-27 54 22 19 0 3 981 283 207 16 60
2016-01-19 2015-08-28 39 12 11 0 1 1007 302 195 36 71
2016-01-19 2015-08-29 50 16 14 0 2 939 292 198 13 81
2016-01-19 2015-08-30 54 19 16 1 2 1012 295 203 21 71
2016-01-19 2015-08-31 47 17 10 3 4 1000 287 202 22 63
2016-01-19 2015-09-01 36 9 4 1 4 881 245 174 21 50
2016-01-19 2015-09-02 52 7 5 1 1 953 259 175 21 63
2016-01-19 2015-09-03 57 17 12 0 5 966 284 218 16 50
2016-01-19 2015-09-04 65 29 25 1 3 1085 340 209 35 96
2016-01-19 2015-09-05 46 23 21 0 2 975 286 184 21 81
2016-01-19 2015-09-06 61 21 13 0 8 1072 330 215 19 96
2016-01-19 2015-09-07 55 21 11 0 10 974 281 190 16 75
2016-01-19 2015-09-08 35 16 15 1 0 932 305 218 15 72
2016-01-19 2015-09-09 46 9 6 1 2 971 297 196 19 82
2016-01-19 2015-09-10 33 10 6 1 3 853 246 180 10 56
2016-01-19 2015-09-11 43 12 12 0 0 952 286 202 26 58
2016-01-19 2015-09-12 74 22 12 1 9 975 282 199 18 65
2016-01-19 2015-09-13 50 12 8 2 2 1088 353 268 11 74
2016-01-19 2015-09-14 33 11 8 0 3 1023 300 211 13 76
2016-01-19 2015-09-15 51 19 15 2 2 990 315 207 22 86
2016-01-19 2015-09-16 58 27 19 2 6 873 275 180 27 68
2016-01-19 2015-09-17 53 12 10 0 2 965 289 194 19 76
2016-01-19 2015-09-18 37 14 11 1 2 1006 328 220 21 87
2016-01-19 2015-09-19 65 18 14 0 4 1104 323 224 28 71
2016-01-19 2015-09-20 61 17 12 1 4 1077 332 236 21 75
2016-01-19 2015-09-21 51 14 11 0 3 1055 320 228 12 80
2016-01-19 2015-09-22 43 12 8 2 2 919 260 190 20 50
2016-01-19 2015-09-23 56 20 17 1 2 934 296 215 18 63
2016-01-19 2015-09-24 59 15 8 2 5 875 263 171 13 79
2016-01-19 2015-09-25 60 15 11 1 3 1001 310 224 25 61
2016-01-19 2015-09-26 59 25 20 2 3 1012 321 236 24 61
2016-01-19 2015-09-27 61 11 8 0 3 1055 312 224 13 75
2016-01-19 2015-09-28 65 14 7 1 6 1034 316 199 38 79
2016-01-19 2015-09-29 50 18 10 3 5 940 283 201 20 62
2016-01-19 2015-09-30 66 18 14 0 4 921 258 179 19 60
2016-01-19 2015-10-01 64 16 15 1 0 914 234 156 12 66
2016-01-19 2015-10-02 53 21 10 3 8 949 270 189 14 67
2016-01-19 2015-10-03 60 11 7 0 4 1055 313 223 19 71
2016-01-19 2015-10-04 62 17 13 0 4 1010 311 209 22 80
2016-01-19 2015-10-05 84 20 14 2 4 970 255 186 18 51
2016-01-19 2015-10-06 66 19 11 3 5 974 294 193 23 78
2016-01-19 2015-10-07 67 19 13 0 6 1023 334 239 18 77
2016-01-19 2015-10-08 78 29 21 3 5 1004 336 234 23 79
2016-01-19 2015-10-09 77 15 10 0 5 1000 337 218 27 92
2016-01-19 2015-10-10 68 28 23 2 3 1111 327 209 21 97
2016-01-19 2015-10-11 58 18 14 1 3 1154 365 253 26 86
2016-01-19 2015-10-12 68 24 19 3 2 1071 309 219 22 68
2016-01-19 2015-10-13 69 15 8 2 5 1144 361 266 12 83
2016-01-19 2015-10-14 67 22 14 4 4 1060 308 214 20 74
2016-01-19 2015-10-15 95 29 23 1 5 1114 360 244 26 90
2016-01-19 2015-10-16 72 25 17 2 6 1089 311 216 12 83
2016-01-19 2015-10-17 76 12 8 1 3 1174 350 229 35 86
2016-01-19 2015-10-18 101 35 21 3 11 1180 370 264 24 82
2016-01-19 2015-10-19 81 21 14 1 6 1141 368 284 18 66
2016-01-19 2015-10-20 77 21 15 1 5 1072 309 199 32 78
2016-01-19 2015-10-21 62 26 18 5 3 1031 294 220 18 56
2016-01-19 2015-10-22 65 21 14 1 6 1042 287 199 20 68
2016-01-19 2015-10-23 46 12 7 4 1 1254 349 257 19 73
2016-01-19 2015-10-24 77 34 28 2 4 1172 352 247 20 85
2016-01-19 2015-10-25 77 33 22 2 9 1190 321 229 19 73
2016-01-19 2015-10-26 72 28 15 3 10 1105 308 211 13 84
2016-01-19 2015-10-27 83 27 18 3 6 998 318 223 20 75
2016-01-19 2015-10-28 79 26 16 0 10 1118 337 232 18 87
2016-01-19 2015-10-29 62 19 9 3 7 1108 357 260 20 77
2016-01-19 2015-10-30 79 25 20 0 5 1117 298 215 21 62
2016-01-19 2015-10-31 106 27 23 0 4 1196 364 264 33 67
2016-01-19 2015-11-01 57 18 13 0 5 1171 381 286 19 76
2016-01-19 2015-11-02 80 32 21 3 8 1063 326 241 23 62
2016-01-19 2015-11-03 76 30 17 1 12 1067 307 213 34 60
2016-01-19 2015-11-04 102 32 18 4 10 1034 345 235 21 89
2016-01-19 2015-11-05 107 28 21 3 4 1120 389 276 35 78
2016-01-19 2015-11-06 122 39 18 3 18 1264 387 272 24 91
2016-01-19 2015-11-07 109 30 12 3 15 1249 371 262 25 84
2016-01-19 2015-11-08 73 16 12 2 2 1200 377 276 29 72
2016-01-19 2015-11-09 72 19 9 4 6 1243 344 248 21 75
2016-01-19 2015-11-10 95 26 19 1 6 1141 310 226 21 63
2016-01-19 2015-11-11 74 15 11 3 1 1189 333 235 21 77
2016-01-19 2015-11-12 71 22 19 1 2 1233 332 239 22 71
2016-01-19 2015-11-13 108 40 24 2 14 1213 351 231 17 103
2016-01-19 2015-11-14 87 39 26 0 13 1203 396 282 33 81
2016-01-19 2015-11-15 133 61 41 6 14 1313 431 303 28 100
2016-01-19 2015-11-16 86 36 28 1 7 1210 415 298 35 82
2016-01-19 2015-11-17 73 25 17 4 4 1148 392 282 30 80
2016-01-19 2015-11-18 94 26 13 2 11 1226 371 245 35 91
2016-01-19 2015-11-19 92 29 16 3 10 1202 398 269 24 105
2016-01-19 2015-11-20 78 21 13 2 6 1330 441 308 27 106
2016-01-19 2015-11-21 103 33 19 3 11 1323 442 292 29 121
2016-01-19 2015-11-22 130 36 16 4 16 1441 490 352 34 104
2016-01-19 2015-11-23 80 30 15 5 10 1281 470 340 27 103
2016-01-19 2015-11-24 102 40 22 5 13 1254 406 286 33 87
2016-01-19 2015-11-25 80 16 14 0 2 1352 401 274 29 98
2016-01-19 2015-11-26 108 35 20 3 12 1323 456 303 31 122
2016-01-19 2015-11-27 81 40 28 3 9 1263 394 268 22 104
2016-01-19 2015-11-28 145 46 29 3 14 1367 420 290 26 104
2016-01-19 2015-11-29 102 42 28 1 13 1370 435 307 19 109
2016-01-19 2015-11-30 110 52 23 5 24 1194 383 245 24 114
2016-01-19 2015-12-01 80 28 10 6 12 1264 445 297 26 122
2016-01-19 2015-12-02 103 37 21 1 15 1268 391 287 29 75
2016-01-19 2015-12-03 58 22 10 1 11 1278 461 326 28 107
2016-01-19 2015-12-04 84 30 21 4 5 1384 432 284 29 119
2016-01-19 2015-12-05 100 46 27 4 15 1415 484 306 63 115
2016-01-19 2015-12-06 93 31 18 4 9 1414 460 304 53 103
2016-01-19 2015-12-07 96 24 14 4 6 1368 450 292 44 114
2016-01-19 2015-12-08 90 23 17 2 4 1237 405 279 31 95
2016-01-19 2015-12-09 105 26 16 0 10 1366 450 306 39 105
2016-01-19 2015-12-10 98 33 22 2 9 1368 478 357 34 87
2016-01-19 2015-12-11 104 36 23 5 8 1386 474 335 46 93
2016-01-19 2015-12-12 121 27 16 2 9 1433 476 340 29 107
2016-01-19 2015-12-13 98 32 20 2 10 1626 498 334 42 122
2016-01-19 2015-12-14 93 30 20 2 8 1380 412 277 37 98
2016-01-19 2015-12-15 98 32 17 5 10 1328 427 289 36 102
2016-01-19 2015-12-16 111 40 25 5 10 1459 510 353 47 110
2016-01-19 2015-12-17 158 57 39 9 9 1393 446 310 34 102
2016-01-19 2015-12-18 150 44 31 1 12 1487 464 312 27 125
2016-01-19 2015-12-19 113 28 16 1 11 1495 493 367 20 106
2016-01-19 2015-12-20 149 46 29 1 16 1462 473 332 32 109
2016-01-19 2015-12-21 122 43 23 2 18 1411 456 309 33 114
2016-01-19 2015-12-22 138 51 36 4 11 1527 502 344 39 119
2016-01-19 2015-12-23 121 47 30 5 12 1433 451 306 35 110
2016-01-19 2015-12-24 128 40 23 6 11 1487 483 367 28 88
2016-01-19 2015-12-25 118 42 20 8 14 1438 418 303 31 84
2016-01-19 2015-12-26 114 48 25 7 16 1475 451 291 49 111
2016-01-19 2015-12-27 86 28 16 6 6 1476 444 322 23 99
2016-01-19 2015-12-28 121 35 26 4 5 1556 556 401 36 119
2016-01-19 2015-12-29 135 53 32 6 15 1533 516 348 40 128
2016-01-19 2015-12-30 103 43 29 1 13 1426 410 263 41 106
2016-01-19 2015-12-31 162 51 40 2 9 1530 455 337 30 88
2016-01-19 2016-01-01 144 37 26 5 6 1465 425 302 29 94
2016-01-19 2016-01-02 140 53 34 3 16 1674 587 430 36 121
2016-01-19 2016-01-03 136 35 24 2 9 1664 573 385 47 141
2016-01-19 2016-01-04 107 36 20 5 11 1512 478 314 47 117
2016-01-19 2016-01-05 110 34 23 2 9 1529 455 316 48 91
2016-01-19 2016-01-06 116 32 23 1 8 1438 440 289 37 114
2016-01-19 2016-01-07 130 37 19 3 15 1478 458 294 46 118
2016-01-19 2016-01-08 114 42 30 1 11 1595 440 293 29 118
2016-01-19 2016-01-09 146 61 29 4 28 1738 512 333 48 131
2016-01-19 2016-01-10 166 42 27 4 11 1845 566 419 38 109
2016-01-19 2016-01-11 125 40 30 4 6 1471 505 363 34 108
2016-01-19 2016-01-12 124 35 19 9 7 1512 483 350 31 102
2016-01-19 2016-01-13 114 31 19 0 12 1420 419 286 43 90
2016-01-19 2016-01-14 109 30 22 2 6 1393 423 280 33 110
2016-01-19 2016-01-15 143 45 25 6 14 1462 443 304 33 106
2016-01-19 2016-01-16 136 40 27 0 13 1713 531 386 29 116
2016-01-19 2016-01-17 154 37 27 1 9 1680 503 350 25 128
2016-01-19 2016-01-18 349 59 43 5 11 1857 523 365 40 118
2016-01-19 2016-01-19 143 48 32 5 11 1436 425 298 30 97
2016-01-19 2016-01-20 224 55 40 3 12 1562 473 327 43 103
2016-01-19 2016-01-21 133 39 29 2 8 1490 472 324 39 109
2016-01-19 2016-01-22 279 59 37 2 20 1590 521 355 32 134
2016-01-19 2016-01-23 185 46 33 2 11 1848 556 382 40 134
2016-01-19 2016-01-24 831 107 75 7 25 1798 580 403 44 133
2016-01-19 2016-01-25 147 36 17 3 16 1557 459 318 30 111
2016-01-19 2016-01-26 217 73 47 8 18 1682 512 353 40 119
2016-01-19 2016-01-27 207 47 33 5 9 1517 475 342 40 93
2016-01-19 2016-01-28 158 61 43 7 11 1498 432 288 28 116
2016-01-19 2016-01-29 232 69 44 6 19 1684 598 425 33 140
2016-01-19 2016-01-30 183 42 31 4 7 1778 546 397 40 109
2016-01-19 2016-01-31 197 72 49 4 19 1814 603 434 34 135
2016-01-19 2016-02-01 183 64 38 4 22 1713 532 376 35 121
2016-01-19 2016-02-02 160 51 30 2 19 1731 580 395 37 148
2016-01-19 2016-02-03 212 74 48 8 18 1636 533 354 33 146
2016-01-19 2016-02-04 201 56 35 5 16 1712 552 421 37 94
2016-01-19 2016-02-05 176 59 40 6 13 1733 576 405 39 132
2016-01-19 2016-02-06 278 101 71 8 22 1957 599 416 46 137
2016-01-19 2016-02-07 216 59 32 5 22 1842 603 405 40 158
2016-01-19 2016-02-08 216 74 47 2 25 1721 570 398 31 141
2016-01-19 2016-02-09 194 66 36 8 22 1658 554 410 31 113
2016-01-19 2016-02-10 231 70 52 3 15 1579 508 331 43 134
2016-01-19 2016-02-11 241 91 69 6 16 1707 557 380 51 126
2016-01-19 2016-02-12 191 48 33 6 9 1661 514 360 42 112
2016-01-19 2016-02-13 184 50 34 1 15 1952 573 386 48 139
2016-01-19 2016-02-14 279 63 40 4 19 1924 563 398 47 118
2016-01-19 2016-02-15 237 76 42 3 31 1749 532 382 34 116
2016-01-19 2016-02-16 204 67 40 8 19 1932 569 403 42 124
2016-01-19 2016-02-17 214 58 36 4 18 1779 526 374 41 111
2016-01-19 2016-02-18 211 89 59 9 21 1661 490 336 36 118
2016-01-19 2016-02-19 227 72 51 6 15 1885 554 402 27 125
2016-01-19 2016-02-20 184 58 42 5 11 1952 629 445 51 133
2016-01-19 2016-02-21 262 81 53 6 22 1950 601 422 51 128
2016-01-19 2016-02-22 249 65 53 2 10 1763 557 386 44 127
2016-01-19 2016-02-23 220 67 43 1 23 1713 532 358 33 141
2016-01-19 2016-02-24 223 85 56 3 26 1774 574 394 46 134
2016-01-19 2016-02-25 245 89 56 6 27 1908 583 411 48 124
2016-01-19 2016-02-26 215 58 35 5 18 1755 556 391 45 120
2016-01-19 2016-02-27 208 72 52 10 10 2015 615 428 48 139
2016-01-19 2016-02-28 278 81 52 6 23 1978 627 430 43 154
2016-01-19 2016-02-29 216 63 41 8 14 1853 599 411 30 158
2016-01-19 2016-03-01 196 70 46 6 18 1644 487 313 31 143
2016-01-19 2016-03-02 239 83 54 13 16 1891 554 367 43 144
2016-01-19 2016-03-03 260 93 56 10 27 1841 585 370 62 153
2016-01-19 2016-03-04 210 68 50 2 16 1887 572 424 38 110
2016-01-19 2016-03-05 213 68 49 3 16 2105 660 458 40 162
2016-01-19 2016-03-06 286 65 47 7 11 1885 610 410 70 130
2016-01-19 2016-03-07 232 90 57 12 21 1810 593 408 54 131
2016-01-19 2016-03-08 275 95 68 9 18 1804 538 351 58 129
2016-01-19 2016-03-09 199 75 48 8 19 1855 585 389 57 139
2016-01-19 2016-03-10 236 80 53 11 16 1807 631 466 46 119
2016-01-19 2016-03-11 175 61 44 7 10 1923 620 417 71 132
2016-01-19 2016-03-12 222 78 51 8 19 2064 635 443 46 146
2016-01-19 2016-03-13 275 94 69 4 21 1976 660 448 44 168
2016-01-19 2016-03-14 272 81 53 1 27 1778 537 368 56 113
2016-01-19 2016-03-15 277 83 56 5 22 1798 583 398 47 138
2016-01-19 2016-03-16 260 78 52 7 19 1819 559 391 45 123
2016-01-19 2016-03-17 198 65 46 4 15 1754 564 409 34 121
2016-01-19 2016-03-18 269 77 62 4 11 1767 571 418 47 106
2016-01-19 2016-03-19 257 80 41 12 27 1906 582 397 42 143
2016-01-19 2016-03-20 285 95 61 6 28 1977 667 449 56 162
2016-01-19 2016-03-21 297 85 44 8 33 1954 606 414 32 160
2016-01-19 2016-03-22 275 110 82 10 18 2038 685 498 45 142
2016-01-19 2016-03-23 288 105 75 4 26 2039 651 482 47 122
2016-01-19 2016-03-24 241 79 57 6 16 2129 710 480 70 160
2016-01-19 2016-03-25 269 88 57 5 26 2025 684 503 44 137
2016-01-19 2016-03-26 325 118 87 6 25 2186 694 455 66 173
2016-01-19 2016-03-27 371 118 79 13 26 2188 685 468 34 183
2016-01-19 2016-03-28 290 86 62 5 19 2227 730 502 55 173
2016-01-19 2016-03-29 299 106 72 8 26 2161 688 495 56 137
2016-01-19 2016-03-30 240 72 43 7 22 2022 688 489 62 137
2016-01-19 2016-03-31 247 87 53 6 28 2191 706 494 62 150
2016-01-19 2016-04-01 355 107 72 7 28 2186 682 479 61 142
2016-01-19 2016-04-02 342 123 86 15 22 2268 744 517 77 150
2016-01-19 2016-04-03 309 87 47 13 27 2499 723 504 63 156
2016-01-19 2016-04-04 370 114 75 8 31 2188 663 457 58 148
2016-01-19 2016-04-05 301 95 61 6 28 2175 719 497 69 153
2016-01-19 2016-04-06 299 96 60 5 31 2235 726 524 50 152
2016-01-19 2016-04-07 300 90 67 5 18 2251 681 522 32 127
2016-01-19 2016-04-08 318 95 71 7 17 2202 695 509 38 148
2016-01-19 2016-04-09 279 73 44 6 23 2323 728 542 39 147
2016-01-19 2016-04-10 322 92 59 7 26 2455 770 537 41 192
2016-01-19 2016-04-11 301 97 65 8 24 2369 731 528 54 149
2016-01-19 2016-04-12 303 105 74 8 23 2238 755 540 46 169
2016-01-19 2016-04-13 319 97 61 10 26 2258 782 578 43 161
2016-01-19 2016-04-14 264 70 45 8 17 2259 721 500 60 161
2016-01-19 2016-04-15 279 83 49 8 26 2222 702 524 44 134
2016-01-19 2016-04-16 271 67 55 4 8 2475 776 538 57 181
2016-01-19 2016-04-17 300 97 66 7 24 2448 727 510 58 159
2016-01-19 2016-04-18 333 109 77 6 26 2392 708 495 50 163
2016-01-19 2016-04-19 277 99 62 14 23 2370 828 566 52 210
2016-01-19 2016-04-20 272 78 47 8 23 2303 713 502 38 173
2016-01-19 2016-04-21 261 79 58 3 18 2460 780 561 60 159
2016-01-19 2016-04-22 301 77 63 2 12 2301 760 528 64 168
2016-01-19 2016-04-23 318 91 67 3 21 2690 851 598 61 192
2016-01-19 2016-04-24 265 81 53 8 20 2667 864 623 52 189
2016-01-19 2016-04-25 307 90 48 15 27 2647 830 588 58 184
2016-01-19 2016-04-26 273 86 62 8 16 2511 799 577 54 168
2016-01-19 2016-04-27 306 99 63 6 30 2483 861 588 77 196
2016-01-19 2016-04-28 285 82 54 10 18 2602 811 565 69 177
2016-01-19 2016-04-29 331 94 47 10 37 2660 817 577 51 189
2016-01-19 2016-04-30 311 101 64 9 28 2839 899 640 65 194
2016-01-19 2016-05-01 305 94 66 11 17 3110 911 657 65 189
2016-01-19 2016-05-02 313 101 69 4 28 2681 860 604 58 198
2016-01-19 2016-05-03 306 88 54 5 29 2642 836 604 65 167
2016-01-19 2016-05-04 308 100 62 13 25 2743 917 666 52 199
2016-01-19 2016-05-05 328 88 62 11 15 2649 850 577 60 213
2016-01-19 2016-05-06 365 122 77 16 29 2772 871 598 66 207
2016-01-19 2016-05-07 372 143 106 9 28 2956 1000 711 67 222
2016-01-19 2016-05-08 322 104 62 8 34 2989 995 719 43 233
2016-01-19 2016-05-09 371 126 84 10 32 2982 1018 708 73 237
2016-01-19 2016-05-10 301 103 69 6 28 2781 941 649 76 216
2016-01-19 2016-05-11 339 106 71 7 28 2703 894 651 56 187
2016-01-19 2016-05-12 300 88 52 10 26 2945 939 686 62 191
2016-01-19 2016-05-13 308 107 72 2 33 2917 925 673 67 185
2016-01-19 2016-05-14 363 103 81 5 17 2928 922 662 59 201
2016-01-19 2016-05-15 317 100 66 4 30 3256 1021 750 62 209
2016-01-19 2016-05-16 329 118 81 10 27 2948 939 684 45 210
2016-01-19 2016-05-17 347 99 66 9 24 2883 935 652 68 215
2016-01-19 2016-05-18 282 94 61 7 26 2809 926 681 58 187
2016-01-19 2016-05-19 343 106 75 7 24 2962 957 661 65 231
2016-01-19 2016-05-20 327 118 85 8 25 2918 941 657 57 227
2016-01-19 2016-05-21 369 103 74 7 22 3065 995 700 69 226
2016-01-19 2016-05-22 364 137 96 10 31 3184 1052 758 73 221
2016-01-19 2016-05-23 442 130 91 10 29 3002 1024 742 64 218
2016-01-19 2016-05-24 390 132 87 10 35 3248 1053 748 88 217
2016-01-19 2016-05-25 335 122 74 12 36 2928 942 656 61 225
2016-01-19 2016-05-26 379 107 70 6 31 3032 943 678 60 205
2016-01-19 2016-05-27 378 142 113 8 21 3001 971 697 63 211
2016-01-19 2016-05-28 384 127 82 16 29 3372 1158 809 81 268
2016-01-19 2016-05-29 334 110 72 10 28 3386 1120 790 95 235
2016-01-19 2016-05-30 377 120 85 5 30 3439 1084 775 89 220
2016-01-19 2016-05-31 452 124 83 13 28 3283 1047 735 61 251
2016-01-19 2016-06-01 367 128 88 10 30 3401 1120 761 98 261
2016-01-19 2016-06-02 419 151 107 7 37 3303 1125 808 98 219
2016-01-19 2016-06-03 402 142 92 12 38 3377 1092 758 80 254
2016-01-19 2016-06-04 394 156 98 16 42 3613 1230 862 122 246
2016-01-19 2016-06-05 400 128 89 6 33 3701 1150 814 73 263
2016-01-19 2016-06-06 423 136 86 13 37 3369 1154 836 75 243
2016-01-19 2016-06-07 388 128 84 9 35 3581 1235 875 90 270
2016-01-19 2016-06-08 359 122 93 7 22 3691 1266 933 79 254
2016-01-19 2016-06-09 384 122 82 4 36 3627 1155 846 74 235
2016-01-19 2016-06-10 466 141 101 7 33 3745 1262 930 75 257
2016-01-19 2016-06-11 395 140 91 9 40 4086 1282 924 88 270
2016-01-19 2016-06-12 446 143 91 11 41 4285 1338 993 74 271
2016-01-19 2016-06-13 388 133 95 10 28 4173 1374 967 89 318
2016-01-19 2016-06-14 425 149 102 10 37 4424 1512 1057 118 337
2016-01-19 2016-06-15 448 179 116 14 49 4310 1476 1068 108 300
2016-01-19 2016-06-16 348 124 90 4 30 4025 1424 983 99 342
2016-01-19 2016-06-17 412 123 85 14 24 3937 1253 908 88 257
2016-01-19 2016-06-18 451 157 104 15 38 4450 1391 951 94 346
2016-01-19 2016-06-19 503 164 120 12 32 4541 1517 1062 108 347
2016-01-19 2016-06-20 457 139 88 9 42 4376 1467 1031 121 315
2016-01-19 2016-06-21 469 161 116 13 32 4376 1506 1030 94 382
2016-01-19 2016-06-22 434 173 114 9 50 4342 1537 1078 118 341
2016-01-19 2016-06-23 498 167 121 3 43 4663 1529 1092 101 336
2016-01-19 2016-06-24 517 186 132 11 43 4269 1481 1058 93 330
2016-01-19 2016-06-25 577 191 137 8 46 4448 1435 1028 107 300
2016-01-19 2016-06-26 498 161 109 18 34 4669 1501 1046 82 373
2016-01-19 2016-06-27 567 178 125 9 44 4436 1449 982 97 370
2016-01-19 2016-06-28 511 189 117 17 55 4530 1508 1026 86 396
2016-01-19 2016-06-29 505 171 117 16 38 4741 1553 1124 87 342
2016-01-19 2016-06-30 468 159 112 9 38 4496 1556 1071 92 393
2016-01-19 2016-07-01 542 171 111 11 49 4527 1492 1092 93 307
2016-01-19 2016-07-02 535 176 118 4 54 4535 1460 1040 97 323
2016-01-19 2016-07-03 500 196 123 18 55 4809 1633 1191 84 358
2016-01-19 2016-07-04 561 194 131 11 52 4772 1646 1125 104 417
2016-01-19 2016-07-05 561 195 120 23 52 4937 1619 1123 102 394
2016-01-19 2016-07-06 532 196 130 19 47 3910 1346 926 102 318
2016-01-19 2016-07-07 587 180 114 12 54 4227 1513 1058 95 360
2016-01-19 2016-07-08 529 194 135 19 40 4298 1580 1114 88 378
2016-01-19 2016-07-09 557 209 133 19 57 4683 1629 1073 121 435
2016-01-19 2016-07-10 503 215 150 14 51 4770 1697 1159 131 407
2016-01-19 2016-07-11 531 184 127 16 41 4939 1787 1203 128 456
2016-01-19 2016-07-12 593 224 149 14 61 5050 1932 1407 114 411
2016-01-19 2016-07-13 581 183 129 10 44 4939 1725 1206 101 418
2016-01-19 2016-07-14 596 189 127 16 46 5079 1830 1331 118 381
2016-01-19 2016-07-15 585 178 121 16 41 5054 1730 1224 124 382
2016-01-19 2016-07-16 615 235 154 24 57 5135 1852 1308 133 411
2016-01-19 2016-07-17 638 235 150 19 66 5407 1844 1318 111 415
2016-01-19 2016-07-18 627 196 125 13 58 5533 1848 1296 129 423
2016-01-19 2016-07-19 689 285 192 14 79 5498 1858 1277 137 444
2016-01-19 2016-07-20 660 229 157 10 62 5638 1974 1364 137 473
2016-01-19 2016-07-21 717 264 172 22 70 5956 2121 1474 125 522
2016-01-19 2016-07-22 652 245 169 16 60 5875 1957 1366 132 459
2016-01-19 2016-07-23 858 282 186 22 74 6248 2172 1483 119 570
2016-01-19 2016-07-24 658 234 172 12 50 6119 2120 1501 140 479
2016-01-19 2016-07-25 772 276 201 21 54 6080 2189 1594 124 471
2016-01-19 2016-07-26 818 293 194 13 86 6324 2265 1642 138 485
2016-01-19 2016-07-27 828 323 233 19 71 6391 2349 1698 163 488
2016-01-19 2016-07-28 830 307 215 19 73 6422 2261 1579 161 521
2016-01-19 2016-07-29 834 343 230 24 89 6460 2426 1710 127 589
2016-01-19 2016-07-30 792 296 206 16 74 6732 2327 1559 136 632
2016-01-19 2016-07-31 820 278 179 27 72 6686 2344 1715 129 500
2016-01-19 2016-08-01 693 249 158 25 66 6660 2300 1604 163 533
