video date target_total target_isis target_happy target_sad target_angry total isis happy sad angry
-pb-i_PlBlA 2015-06-01 1 0 0 0 0 39 18 14 0 4
-pb-i_PlBlA 2015-06-02 5 2 2 0 0 20 8 5 2 1
-pb-i_PlBlA 2015-06-03 4 2 1 1 0 36 9 5 1 3
-pb-i_PlBlA 2015-06-04 2 0 0 0 0 39 12 8 0 4
-pb-i_PlBlA 2015-06-05 1 0 0 0 0 33 7 4 2 1
-pb-i_PlBlA 2015-06-06 9 2 2 0 0 33 11 7 0 4
-pb-i_PlBlA 2015-06-07 12 3 2 0 1 49 13 9 1 3
-pb-i_PlBlA 2015-06-08 11 4 2 1 1 40 5 3 0 2
-pb-i_PlBlA 2015-06-09 5 0 0 0 0 39 10 8 1 1
-pb-i_PlBlA 2015-06-10 4 1 1 0 0 55 10 7 0 3
-pb-i_PlBlA 2015-06-11 6 0 0 0 0 34 8 5 1 2
-pb-i_PlBlA 2015-06-12 8 1 0 0 1 41 7 6 0 1
-pb-i_PlBlA 2015-06-13 5 1 0 1 0 38 8 5 1 2
-pb-i_PlBlA 2015-06-14 6 1 1 0 0 42 13 11 1 1
-pb-i_PlBlA 2015-06-15 5 0 0 0 0 53 11 8 0 3
-pb-i_PlBlA 2015-06-16 4 0 0 0 0 48 6 5 0 1
-pb-i_PlBlA 2015-06-17 15 5 4 1 0 43 11 11 0 0
-pb-i_PlBlA 2015-06-18 7 1 1 0 0 38 10 6 1 3
-pb-i_PlBlA 2015-06-19 5 0 0 0 0 35 10 5 2 3
-pb-i_PlBlA 2015-06-20 4 2 2 0 0 52 13 7 1 5
-pb-i_PlBlA 2015-06-21 4 0 0 0 0 36 13 10 0 3
-pb-i_PlBlA 2015-06-22 4 3 3 0 0 34 15 8 4 3
-pb-i_PlBlA 2015-06-23 6 1 1 0 0 41 6 4 0 2
-pb-i_PlBlA 2015-06-24 2 1 0 0 1 37 13 9 2 2
-pb-i_PlBlA 2015-06-25 3 1 1 0 0 24 9 5 0 4
-pb-i_PlBlA 2015-06-26 3 2 2 0 0 22 7 4 1 2
-pb-i_PlBlA 2015-06-27 8 2 2 0 0 41 5 3 1 1
-pb-i_PlBlA 2015-06-28 7 3 2 0 1 28 8 3 0 5
-pb-i_PlBlA 2015-06-29 10 2 2 0 0 46 8 6 1 1
-pb-i_PlBlA 2015-06-30 8 1 1 0 0 39 10 5 0 5
-pb-i_PlBlA 2015-07-01 8 1 0 0 1 29 11 9 0 2
-pb-i_PlBlA 2015-07-02 9 2 2 0 0 22 6 4 0 2
-pb-i_PlBlA 2015-07-03 5 1 1 0 0 36 7 3 2 2
-pb-i_PlBlA 2015-07-04 4 1 0 0 1 41 10 6 0 4
-pb-i_PlBlA 2015-07-05 4 1 0 0 1 22 8 6 1 1
-pb-i_PlBlA 2015-07-06 3 0 0 0 0 33 7 4 0 3
-pb-i_PlBlA 2015-07-07 3 0 0 0 0 34 6 2 1 3
-pb-i_PlBlA 2015-07-08 2 1 1 0 0 45 14 12 0 2
-pb-i_PlBlA 2015-07-09 4 1 0 1 0 26 4 3 1 0
-pb-i_PlBlA 2015-07-10 9 2 0 0 2 36 7 5 0 2
-pb-i_PlBlA 2015-07-11 7 1 0 0 1 33 7 4 0 3
-pb-i_PlBlA 2015-07-12 3 0 0 0 0 39 14 12 0 2
-pb-i_PlBlA 2015-07-13 10 3 3 0 0 52 15 6 1 8
-pb-i_PlBlA 2015-07-14 4 1 0 0 1 50 15 6 2 7
-pb-i_PlBlA 2015-07-15 4 1 1 0 0 42 15 11 2 2
-pb-i_PlBlA 2015-07-16 6 1 0 0 1 41 10 3 2 5
-pb-i_PlBlA 2015-07-17 4 1 1 0 0 40 12 9 1 2
-pb-i_PlBlA 2015-07-18 2 0 0 0 0 34 14 9 2 3
-pb-i_PlBlA 2015-07-19 3 0 0 0 0 31 8 6 0 2
-pb-i_PlBlA 2015-07-20 7 0 0 0 0 40 14 8 1 5
-pb-i_PlBlA 2015-07-21 12 7 6 0 1 58 16 13 0 3
-pb-i_PlBlA 2015-07-22 12 4 4 0 0 27 8 7 0 1
-pb-i_PlBlA 2015-07-23 6 3 1 0 2 39 10 10 0 0
-pb-i_PlBlA 2015-07-24 8 7 6 0 1 51 14 13 0 1
-pb-i_PlBlA 2015-07-25 11 6 0 0 6 53 7 4 1 2
-pb-i_PlBlA 2015-07-26 6 1 1 0 0 57 13 5 3 5
-pb-i_PlBlA 2015-07-27 16 8 5 0 3 35 7 3 2 2
-pb-i_PlBlA 2015-07-28 4 0 0 0 0 32 10 7 0 3
-pb-i_PlBlA 2015-07-29 5 1 0 0 1 47 11 9 1 1
-pb-i_PlBlA 2015-07-30 26 17 16 0 1 47 12 6 3 3
-pb-i_PlBlA 2015-07-31 19 9 6 2 1 47 10 8 0 2
-pb-i_PlBlA 2015-08-01 3 3 0 0 3 32 5 3 2 0
-pb-i_PlBlA 2015-08-02 7 4 4 0 0 51 13 10 0 3
-pb-i_PlBlA 2015-08-03 15 8 7 0 1 35 11 7 1 3
-pb-i_PlBlA 2015-08-04 5 1 1 0 0 53 15 9 2 4
-pb-i_PlBlA 2015-08-05 3 1 0 0 1 76 19 9 1 9
-pb-i_PlBlA 2015-08-06 7 2 1 0 1 39 13 10 0 3
-pb-i_PlBlA 2015-08-07 5 2 0 0 2 60 17 8 0 9
-pb-i_PlBlA 2015-08-08 10 7 5 1 1 68 37 26 1 10
-pb-i_PlBlA 2015-08-09 2 1 1 0 0 42 12 10 0 2
-pb-i_PlBlA 2015-08-10 15 6 4 1 1 37 11 5 3 3
-pb-i_PlBlA 2015-08-11 16 2 0 0 2 48 11 7 0 4
-pb-i_PlBlA 2015-08-12 8 2 2 0 0 41 13 6 4 3
-pb-i_PlBlA 2015-08-13 7 1 1 0 0 82 35 21 2 12
-pb-i_PlBlA 2015-08-14 5 0 0 0 0 51 18 13 1 4
-pb-i_PlBlA 2015-08-15 8 1 1 0 0 57 14 11 1 2
-pb-i_PlBlA 2015-08-16 8 2 1 0 1 53 15 10 2 3
-pb-i_PlBlA 2015-08-17 12 9 9 0 0 27 12 9 0 3
-pb-i_PlBlA 2015-08-18 7 2 1 0 1 34 11 5 0 6
-pb-i_PlBlA 2015-08-19 8 2 1 0 1 56 21 17 2 2
-pb-i_PlBlA 2015-08-20 10 2 1 0 1 58 15 8 1 6
-pb-i_PlBlA 2015-08-21 5 1 1 0 0 50 24 19 0 5
-pb-i_PlBlA 2015-08-22 11 3 3 0 0 39 15 13 0 2
-pb-i_PlBlA 2015-08-23 8 5 3 0 2 37 13 8 0 5
-pb-i_PlBlA 2015-08-24 7 3 2 0 1 54 10 7 0 3
-pb-i_PlBlA 2015-08-25 12 1 1 0 0 32 9 7 1 1
-pb-i_PlBlA 2015-08-26 5 3 3 0 0 25 6 5 0 1
-pb-i_PlBlA 2015-08-27 3 0 0 0 0 46 17 11 1 5
-pb-i_PlBlA 2015-08-28 10 5 3 0 2 49 18 10 5 3
-pb-i_PlBlA 2015-08-29 3 1 1 0 0 41 11 6 0 5
-pb-i_PlBlA 2015-08-30 7 1 1 0 0 77 22 16 2 4
-pb-i_PlBlA 2015-08-31 5 1 0 1 0 27 9 5 0 4
-pb-i_PlBlA 2015-09-01 7 1 1 0 0 51 12 9 2 1
-pb-i_PlBlA 2015-09-02 16 0 0 0 0 33 14 8 1 5
-pb-i_PlBlA 2015-09-03 14 4 4 0 0 35 13 8 4 1
-pb-i_PlBlA 2015-09-04 9 6 5 0 1 65 30 10 9 11
-pb-i_PlBlA 2015-09-05 10 4 4 0 0 43 7 4 0 3
-pb-i_PlBlA 2015-09-06 10 1 1 0 0 57 18 14 1 3
-pb-i_PlBlA 2015-09-07 7 4 1 0 3 35 8 5 1 2
-pb-i_PlBlA 2015-09-08 6 3 2 1 0 42 16 6 2 8
-pb-i_PlBlA 2015-09-09 15 1 0 0 1 39 5 4 1 0
-pb-i_PlBlA 2015-09-10 9 1 1 0 0 38 10 6 0 4
-pb-i_PlBlA 2015-09-11 5 1 1 0 0 52 10 9 0 1
-pb-i_PlBlA 2015-09-12 9 3 2 0 1 58 11 4 2 5
-pb-i_PlBlA 2015-09-13 10 3 3 0 0 33 9 8 0 1
-pb-i_PlBlA 2015-09-14 12 3 3 0 0 58 14 10 1 3
-pb-i_PlBlA 2015-09-15 6 2 2 0 0 57 12 10 0 2
-pb-i_PlBlA 2015-09-16 8 2 0 2 0 59 20 13 4 3
-pb-i_PlBlA 2015-09-17 5 0 0 0 0 42 7 6 1 0
-pb-i_PlBlA 2015-09-18 8 1 1 0 0 59 11 9 1 1
-pb-i_PlBlA 2015-09-19 12 2 1 0 1 50 12 6 4 2
-pb-i_PlBlA 2015-09-20 15 2 2 0 0 68 18 12 1 5
-pb-i_PlBlA 2015-09-21 17 4 3 0 1 42 8 4 0 4
-pb-i_PlBlA 2015-09-22 2 1 0 0 1 42 15 7 2 6
-pb-i_PlBlA 2015-09-23 7 4 4 0 0 58 10 6 2 2
-pb-i_PlBlA 2015-09-24 4 0 0 0 0 61 15 9 1 5
-pb-i_PlBlA 2015-09-25 8 3 2 0 1 44 12 9 0 3
-pb-i_PlBlA 2015-09-26 13 9 8 0 1 47 15 13 1 1
-pb-i_PlBlA 2015-09-27 15 4 4 0 0 55 12 6 1 5
-pb-i_PlBlA 2015-09-28 10 4 1 0 3 69 13 11 0 2
-pb-i_PlBlA 2015-09-29 11 6 3 0 3 55 15 10 2 3
-pb-i_PlBlA 2015-09-30 14 4 4 0 0 54 7 5 0 2
-pb-i_PlBlA 2015-10-01 14 4 3 1 0 54 11 9 0 2
-pb-i_PlBlA 2015-10-02 14 9 4 2 3 43 9 5 0 4
-pb-i_PlBlA 2015-10-03 13 3 3 0 0 67 17 9 2 6
-pb-i_PlBlA 2015-10-04 18 4 4 0 0 79 17 15 0 2
-pb-i_PlBlA 2015-10-05 18 4 2 1 1 57 14 11 1 2
-pb-i_PlBlA 2015-10-06 8 2 2 0 0 44 12 8 1 3
-pb-i_PlBlA 2015-10-07 21 6 6 0 0 46 10 6 3 1
-pb-i_PlBlA 2015-10-08 16 6 5 0 1 54 21 14 0 7
-pb-i_PlBlA 2015-10-09 20 7 5 0 2 76 22 14 2 6
-pb-i_PlBlA 2015-10-10 20 6 5 1 0 72 21 8 2 11
-pb-i_PlBlA 2015-10-11 8 3 3 0 0 58 18 18 0 0
-pb-i_PlBlA 2015-10-12 18 9 9 0 0 69 19 13 0 6
-pb-i_PlBlA 2015-10-13 17 4 2 0 2 63 23 17 0 6
-pb-i_PlBlA 2015-10-14 9 3 1 1 1 42 13 11 1 1
-pb-i_PlBlA 2015-10-15 17 6 4 0 2 56 15 9 1 5
-pb-i_PlBlA 2015-10-16 19 7 5 0 2 83 26 19 1 6
-pb-i_PlBlA 2015-10-17 17 1 1 0 0 76 18 13 2 3
-pb-i_PlBlA 2015-10-18 17 2 2 0 0 66 20 14 2 4
-pb-i_PlBlA 2015-10-19 16 3 1 0 2 49 9 7 1 1
-pb-i_PlBlA 2015-10-20 11 2 1 0 1 66 19 15 2 2
-pb-i_PlBlA 2015-10-21 9 6 2 2 2 55 13 10 2 1
-pb-i_PlBlA 2015-10-22 10 3 2 0 1 73 22 14 1 7
-pb-i_PlBlA 2015-10-23 10 4 0 4 0 52 9 4 0 5
-pb-i_PlBlA 2015-10-24 13 2 2 0 0 55 19 18 0 1
-pb-i_PlBlA 2015-10-25 23 11 6 0 5 65 14 9 0 5
-pb-i_PlBlA 2015-10-26 7 2 1 0 1 56 18 13 2 3
-pb-i_PlBlA 2015-10-27 8 3 3 0 0 55 5 3 0 2
-pb-i_PlBlA 2015-10-28 10 3 3 0 0 64 26 16 4 6
-pb-i_PlBlA 2015-10-29 13 3 3 0 0 49 10 6 1 3
-pb-i_PlBlA 2015-10-30 13 3 1 0 2 54 8 7 0 1
-pb-i_PlBlA 2015-10-31 18 6 5 0 1 63 15 13 0 2
-pb-i_PlBlA 2015-11-01 5 1 1 0 0 74 29 25 2 2
-pb-i_PlBlA 2015-11-02 10 6 2 1 3 57 17 10 2 5
-pb-i_PlBlA 2015-11-03 7 5 3 0 2 42 14 11 0 3
-pb-i_PlBlA 2015-11-04 12 3 2 0 1 58 18 13 2 3
-pb-i_PlBlA 2015-11-05 17 5 4 0 1 60 18 10 2 6
-pb-i_PlBlA 2015-11-06 14 0 0 0 0 61 13 10 2 1
-pb-i_PlBlA 2015-11-07 17 5 3 0 2 58 10 8 1 1
-pb-i_PlBlA 2015-11-08 7 2 1 1 0 67 20 11 2 7
-pb-i_PlBlA 2015-11-09 9 1 1 0 0 92 27 12 4 11
-pb-i_PlBlA 2015-11-10 11 4 2 0 2 58 14 9 2 3
-pb-i_PlBlA 2015-11-11 23 3 3 0 0 64 21 14 2 5
-pb-i_PlBlA 2015-11-12 15 3 3 0 0 76 27 18 0 9
-pb-i_PlBlA 2015-11-13 25 4 3 1 0 78 28 10 0 18
-pb-i_PlBlA 2015-11-14 11 6 3 0 3 66 23 15 2 6
-pb-i_PlBlA 2015-11-15 18 10 8 0 2 70 16 7 3 6
-pb-i_PlBlA 2015-11-16 13 4 4 0 0 59 20 11 2 7
-pb-i_PlBlA 2015-11-17 14 1 0 0 1 88 30 23 0 7
-pb-i_PlBlA 2015-11-18 21 7 2 0 5 90 30 13 6 11
-pb-i_PlBlA 2015-11-19 13 5 2 0 3 79 22 16 2 4
-pb-i_PlBlA 2015-11-20 17 3 3 0 0 126 48 29 5 14
-pb-i_PlBlA 2015-11-21 13 2 0 1 1 102 43 17 9 17
-pb-i_PlBlA 2015-11-22 27 3 1 0 2 139 36 27 2 7
-pb-i_PlBlA 2015-11-23 14 3 0 0 3 64 25 16 0 9
-pb-i_PlBlA 2015-11-24 17 4 2 1 1 101 31 17 7 7
-pb-i_PlBlA 2015-11-25 11 2 2 0 0 117 47 24 6 17
-pb-i_PlBlA 2015-11-26 17 8 6 0 2 95 32 17 1 14
-pb-i_PlBlA 2015-11-27 13 3 2 0 1 103 42 22 4 16
-pb-i_PlBlA 2015-11-28 29 12 8 1 3 91 28 16 2 10
-pb-i_PlBlA 2015-11-29 11 5 5 0 0 93 33 17 1 15
-pb-i_PlBlA 2015-11-30 22 12 5 2 5 57 17 8 2 7
-pb-i_PlBlA 2015-12-01 13 8 3 2 3 83 29 20 0 9
-pb-i_PlBlA 2015-12-02 16 11 7 0 4 66 19 14 3 2
-pb-i_PlBlA 2015-12-03 10 2 0 1 1 91 26 13 2 11
-pb-i_PlBlA 2015-12-04 15 1 1 0 0 82 19 12 1 6
-pb-i_PlBlA 2015-12-05 15 10 6 1 3 84 25 18 2 5
-pb-i_PlBlA 2015-12-06 14 5 4 0 1 99 26 19 1 6
-pb-i_PlBlA 2015-12-07 12 4 3 0 1 89 23 15 1 7
-pb-i_PlBlA 2015-12-08 105 25 2 1 22 97 28 14 3 11
-pb-i_PlBlA 2015-12-09 66 13 1 0 12 84 16 12 1 3
-pb-i_PlBlA 2015-12-10 29 8 5 0 3 84 23 17 2 4
-pb-i_PlBlA 2015-12-11 20 6 3 0 3 73 19 12 0 7
-pb-i_PlBlA 2015-12-12 16 4 1 0 3 92 30 21 3 6
-pb-i_PlBlA 2015-12-13 10 2 0 1 1 105 30 21 1 8
-pb-i_PlBlA 2015-12-14 25 9 5 1 3 99 19 12 3 4
-pb-i_PlBlA 2015-12-15 13 1 1 0 0 96 28 18 3 7
-pb-i_PlBlA 2015-12-16 22 7 3 1 3 80 21 12 4 5
-pb-i_PlBlA 2015-12-17 26 11 8 2 1 81 17 11 4 2
-pb-i_PlBlA 2015-12-18 22 6 2 0 4 92 25 7 4 14
-pb-i_PlBlA 2015-12-19 17 4 1 0 3 84 30 19 3 8
-pb-i_PlBlA 2015-12-20 13 2 1 0 1 104 33 22 2 9
-pb-i_PlBlA 2015-12-21 16 8 5 0 3 95 23 15 4 4
-pb-i_PlBlA 2015-12-22 27 12 5 2 5 78 27 18 3 6
-pb-i_PlBlA 2015-12-23 19 6 3 1 2 101 26 18 2 6
-pb-i_PlBlA 2015-12-24 20 6 6 0 0 69 20 16 3 1
-pb-i_PlBlA 2015-12-25 15 7 3 1 3 80 30 19 2 9
-pb-i_PlBlA 2015-12-26 10 5 2 0 3 103 29 17 3 9
-pb-i_PlBlA 2015-12-27 21 6 3 2 1 115 33 21 4 8
-pb-i_PlBlA 2015-12-28 20 5 4 0 1 91 31 25 1 5
-pb-i_PlBlA 2015-12-29 25 8 5 1 2 71 14 10 1 3
-pb-i_PlBlA 2015-12-30 10 4 4 0 0 77 13 11 0 2
-pb-i_PlBlA 2015-12-31 32 10 8 0 2 85 18 13 1 4
-pb-i_PlBlA 2016-01-01 14 3 2 1 0 80 16 8 2 6
-pb-i_PlBlA 2016-01-02 20 4 2 1 1 72 29 18 1 10
-pb-i_PlBlA 2016-01-03 32 7 4 0 3 82 23 18 0 5
-pb-i_PlBlA 2016-01-04 23 7 5 0 2 91 23 14 4 5
-pb-i_PlBlA 2016-01-05 26 7 4 1 2 83 28 16 7 5
-pb-i_PlBlA 2016-01-06 25 10 7 1 2 84 27 18 4 5
-pb-i_PlBlA 2016-01-07 28 4 2 1 1 85 24 13 2 9
-pb-i_PlBlA 2016-01-08 25 8 4 1 3 108 28 20 1 7
-pb-i_PlBlA 2016-01-09 34 15 8 0 7 102 23 15 2 6
-pb-i_PlBlA 2016-01-10 38 11 8 1 2 84 22 15 2 5
-pb-i_PlBlA 2016-01-11 29 12 8 2 2 83 29 20 4 5
-pb-i_PlBlA 2016-01-12 31 9 7 2 0 78 33 29 0 4
-pb-i_PlBlA 2016-01-13 25 4 2 0 2 91 20 14 0 6
-pb-i_PlBlA 2016-01-14 33 9 8 0 1 106 23 8 3 12
-pb-i_PlBlA 2016-01-15 38 9 5 2 2 123 35 18 3 14
-pb-i_PlBlA 2016-01-16 25 4 2 0 2 121 37 25 3 9
-pb-i_PlBlA 2016-01-17 64 21 6 2 13 96 24 12 1 11
-pb-i_PlBlA 2016-01-18 31 6 4 1 1 92 28 14 1 13
-pb-i_PlBlA 2016-01-19 46 8 6 1 1 114 34 24 2 8
-pb-i_PlBlA 2016-01-20 43 15 8 1 6 118 40 30 1 9
-pb-i_PlBlA 2016-01-21 42 10 6 0 4 87 29 21 2 6
-pb-i_PlBlA 2016-01-22 49 18 8 0 10 87 27 18 1 8
-pb-i_PlBlA 2016-01-23 41 9 5 0 4 99 30 21 1 8
-pb-i_PlBlA 2016-01-24 59 17 8 2 7 125 33 19 2 12
-pb-i_PlBlA 2016-01-25 33 8 4 0 4 84 19 13 1 5
-pb-i_PlBlA 2016-01-26 53 16 6 1 9 129 35 24 2 9
-pb-i_PlBlA 2016-01-27 24 5 1 2 2 116 28 20 2 6
-pb-i_PlBlA 2016-01-28 46 24 11 5 8 121 37 24 2 11
-pb-i_PlBlA 2016-01-29 75 25 17 4 4 104 32 22 4 6
-pb-i_PlBlA 2016-01-30 34 7 3 2 2 106 29 19 4 6
-pb-i_PlBlA 2016-01-31 46 18 10 1 7 129 35 25 2 8
-pb-i_PlBlA 2016-02-01 43 14 6 0 8 122 26 17 2 7
-pb-i_PlBlA 2016-02-02 35 9 4 0 5 122 38 18 4 16
-pb-i_PlBlA 2016-02-03 49 19 12 2 5 111 30 16 1 13
-pb-i_PlBlA 2016-02-04 46 9 5 2 2 104 36 24 1 11
-pb-i_PlBlA 2016-02-05 41 12 8 1 3 130 36 22 3 11
-pb-i_PlBlA 2016-02-06 61 18 10 1 7 125 39 24 3 12
-pb-i_PlBlA 2016-02-07 28 7 2 2 3 154 47 30 4 13
-pb-i_PlBlA 2016-02-08 48 13 9 0 4 123 25 13 0 12
-pb-i_PlBlA 2016-02-09 45 11 7 3 1 87 25 19 2 4
-pb-i_PlBlA 2016-02-10 48 11 8 1 2 106 33 19 2 12
-pb-i_PlBlA 2016-02-11 43 16 8 2 6 111 32 26 1 5
-pb-i_PlBlA 2016-02-12 36 6 3 0 3 148 51 31 5 15
-pb-i_PlBlA 2016-02-13 43 12 8 1 3 127 25 19 2 4
-pb-i_PlBlA 2016-02-14 59 13 9 1 3 120 36 20 3 13
-pb-i_PlBlA 2016-02-15 48 14 9 1 4 154 40 32 0 8
-pb-i_PlBlA 2016-02-16 54 13 8 2 3 113 36 29 1 6
-pb-i_PlBlA 2016-02-17 45 10 6 0 4 144 42 33 1 8
-pb-i_PlBlA 2016-02-18 58 23 11 5 7 118 21 13 0 8
-pb-i_PlBlA 2016-02-19 55 19 14 2 3 146 42 32 0 10
-pb-i_PlBlA 2016-02-20 68 23 14 2 7 144 38 26 5 7
-pb-i_PlBlA 2016-02-21 78 25 16 1 8 150 36 25 0 11
-pb-i_PlBlA 2016-02-22 67 14 11 0 3 150 39 25 2 12
-pb-i_PlBlA 2016-02-23 38 10 4 0 6 114 32 17 3 12
-pb-i_PlBlA 2016-02-24 61 18 13 0 5 149 46 29 3 14
-pb-i_PlBlA 2016-02-25 57 17 12 1 4 141 45 33 3 9
-pb-i_PlBlA 2016-02-26 43 12 6 1 5 132 41 25 5 11
-pb-i_PlBlA 2016-02-27 56 23 17 2 4 138 44 33 2 9
-pb-i_PlBlA 2016-02-28 69 21 10 2 9 171 41 29 4 8
-pb-i_PlBlA 2016-02-29 43 9 8 0 1 171 68 43 2 23
-pb-i_PlBlA 2016-03-01 44 21 12 1 8 125 46 32 3 11
-pb-i_PlBlA 2016-03-02 57 16 11 1 4 147 41 28 1 12
-pb-i_PlBlA 2016-03-03 62 21 11 4 6 125 45 26 7 12
-pb-i_PlBlA 2016-03-04 47 6 1 1 4 138 36 28 1 7
-pb-i_PlBlA 2016-03-05 62 22 13 2 7 150 57 40 2 15
-pb-i_PlBlA 2016-03-06 44 7 4 0 3 107 35 25 4 6
-pb-i_PlBlA 2016-03-07 40 12 7 3 2 126 41 32 3 6
-pb-i_PlBlA 2016-03-08 72 21 12 2 7 127 36 27 1 8
-pb-i_PlBlA 2016-03-09 46 14 9 1 4 148 45 29 4 12
-pb-i_PlBlA 2016-03-10 51 20 15 1 4 124 51 33 7 11
-pb-i_PlBlA 2016-03-11 55 11 8 1 2 141 40 27 5 8
-pb-i_PlBlA 2016-03-12 48 14 7 2 5 149 37 20 7 10
-pb-i_PlBlA 2016-03-13 46 11 9 0 2 138 30 17 0 13
-pb-i_PlBlA 2016-03-14 54 17 8 0 9 166 43 31 3 9
-pb-i_PlBlA 2016-03-15 46 12 10 1 1 136 45 28 3 14
-pb-i_PlBlA 2016-03-16 54 11 10 0 1 152 38 29 2 7
-pb-i_PlBlA 2016-03-17 49 17 6 2 9 105 27 19 2 6
-pb-i_PlBlA 2016-03-18 43 17 13 0 4 151 60 51 2 7
-pb-i_PlBlA 2016-03-19 78 20 10 0 10 130 20 12 1 7
-pb-i_PlBlA 2016-03-20 74 14 8 1 5 169 52 37 2 13
-pb-i_PlBlA 2016-03-21 53 10 4 2 4 141 53 32 1 20
-pb-i_PlBlA 2016-03-22 66 24 15 1 8 165 56 37 4 15
-pb-i_PlBlA 2016-03-23 86 29 19 2 8 209 69 49 2 18
-pb-i_PlBlA 2016-03-24 66 17 12 1 4 175 52 40 2 10
-pb-i_PlBlA 2016-03-25 43 10 8 1 1 155 58 42 4 12
-pb-i_PlBlA 2016-03-26 116 60 51 2 7 171 56 36 3 17
-pb-i_PlBlA 2016-03-27 76 20 15 2 3 187 58 39 2 17
-pb-i_PlBlA 2016-03-28 100 31 19 2 10 170 44 26 5 13
-pb-i_PlBlA 2016-03-29 78 33 24 1 8 209 61 42 2 17
-pb-i_PlBlA 2016-03-30 62 15 10 3 2 142 58 40 6 12
-pb-i_PlBlA 2016-03-31 66 19 15 1 3 174 62 36 8 18
-pb-i_PlBlA 2016-04-01 102 26 18 1 7 170 54 35 6 13
-pb-i_PlBlA 2016-04-02 100 33 28 2 3 165 59 39 5 15
-pb-i_PlBlA 2016-04-03 93 25 16 3 6 188 67 49 5 13
-pb-i_PlBlA 2016-04-04 61 20 15 0 5 163 54 34 2 18
-pb-i_PlBlA 2016-04-05 57 20 14 2 4 214 49 33 2 14
-pb-i_PlBlA 2016-04-06 67 23 12 2 9 190 55 35 2 18
-pb-i_PlBlA 2016-04-07 45 9 8 1 0 202 49 36 3 10
-pb-i_PlBlA 2016-04-08 57 20 17 0 3 212 67 48 1 18
-pb-i_PlBlA 2016-04-09 41 8 4 1 3 188 62 43 4 15
-pb-i_PlBlA 2016-04-10 72 18 9 1 8 169 39 25 3 11
-pb-i_PlBlA 2016-04-11 65 26 17 2 7 190 51 37 3 11
-pb-i_PlBlA 2016-04-12 73 23 18 1 4 212 73 53 4 16
-pb-i_PlBlA 2016-04-13 60 19 9 3 7 230 72 51 4 17
-pb-i_PlBlA 2016-04-14 55 16 11 2 3 171 47 25 6 16
-pb-i_PlBlA 2016-04-15 48 17 12 1 4 194 61 45 4 12
-pb-i_PlBlA 2016-04-16 56 17 13 0 4 188 69 44 8 17
-pb-i_PlBlA 2016-04-17 32 11 8 0 3 163 48 32 3 13
-pb-i_PlBlA 2016-04-18 57 14 11 0 3 194 50 34 1 15
-pb-i_PlBlA 2016-04-19 41 9 6 1 2 228 65 39 9 17
-pb-i_PlBlA 2016-04-20 52 15 13 1 1 202 47 32 4 11
-pb-i_PlBlA 2016-04-21 57 20 13 2 5 254 83 60 4 19
-pb-i_PlBlA 2016-04-22 72 20 13 0 7 239 78 51 8 19
-pb-i_PlBlA 2016-04-23 61 23 17 1 5 228 66 45 4 17
-pb-i_PlBlA 2016-04-24 56 18 13 0 5 202 53 35 2 16
-pb-i_PlBlA 2016-04-25 43 14 8 2 4 237 83 67 3 13
-pb-i_PlBlA 2016-04-26 67 18 15 2 1 224 60 34 5 21
-pb-i_PlBlA 2016-04-27 73 16 13 0 3 215 69 43 3 23
-pb-i_PlBlA 2016-04-28 28 12 11 0 1 207 58 30 6 22
-pb-i_PlBlA 2016-04-29 51 15 10 2 3 219 64 41 4 19
-pb-i_PlBlA 2016-04-30 74 32 24 1 7 301 84 58 3 23
-pb-i_PlBlA 2016-05-01 68 17 14 3 0 326 84 52 6 26
-pb-i_PlBlA 2016-05-02 64 21 16 0 5 205 70 46 5 19
-pb-i_PlBlA 2016-05-03 69 19 10 2 7 254 64 43 5 16
-pb-i_PlBlA 2016-05-04 58 16 10 1 5 219 83 53 6 24
-pb-i_PlBlA 2016-05-05 49 9 8 1 0 245 77 53 5 19
-pb-i_PlBlA 2016-05-06 53 20 13 2 5 264 72 51 4 17
-pb-i_PlBlA 2016-05-07 53 25 20 2 3 305 87 56 7 24
-pb-i_PlBlA 2016-05-08 56 15 10 1 4 239 65 46 2 17
-pb-i_PlBlA 2016-05-09 57 13 6 1 6 259 83 49 13 21
-pb-i_PlBlA 2016-05-10 60 17 12 0 5 251 86 51 8 27
-pb-i_PlBlA 2016-05-11 46 15 14 0 1 228 65 39 9 17
-pb-i_PlBlA 2016-05-12 71 28 13 2 13 255 75 51 6 18
-pb-i_PlBlA 2016-05-13 51 18 13 0 5 309 108 60 14 34
-pb-i_PlBlA 2016-05-14 66 14 12 2 0 250 84 59 8 17
-pb-i_PlBlA 2016-05-15 58 15 8 1 6 319 101 70 4 27
-pb-i_PlBlA 2016-05-16 72 20 15 2 3 248 81 52 6 23
-pb-i_PlBlA 2016-05-17 58 17 13 1 3 291 92 50 11 31
-pb-i_PlBlA 2016-05-18 53 18 9 4 5 283 96 64 7 25
-pb-i_PlBlA 2016-05-19 76 28 22 1 5 275 85 49 1 35
-pb-i_PlBlA 2016-05-20 87 28 18 2 8 308 86 48 6 32
-pb-i_PlBlA 2016-05-21 48 9 6 0 3 262 90 66 4 20
-pb-i_PlBlA 2016-05-22 76 23 17 2 4 315 103 56 7 40
-pb-i_PlBlA 2016-05-23 74 19 11 0 8 298 105 71 6 28
-pb-i_PlBlA 2016-05-24 85 24 19 1 4 350 126 83 4 39
-pb-i_PlBlA 2016-05-25 85 27 18 3 6 285 93 65 3 25
-pb-i_PlBlA 2016-05-26 87 24 16 2 6 319 96 61 5 30
-pb-i_PlBlA 2016-05-27 74 25 17 2 6 274 98 63 4 31
-pb-i_PlBlA 2016-05-28 51 10 5 1 4 329 103 57 6 40
-pb-i_PlBlA 2016-05-29 61 22 15 2 5 295 116 83 7 26
-pb-i_PlBlA 2016-05-30 93 26 19 3 4 280 91 51 10 30
-pb-i_PlBlA 2016-05-31 100 18 14 1 3 288 95 54 6 35
-pb-i_PlBlA 2016-06-01 78 25 18 3 4 285 76 42 6 28
-pb-i_PlBlA 2016-06-02 92 30 21 4 5 322 95 59 10 26
-pb-i_PlBlA 2016-06-03 73 23 12 3 8 318 92 50 4 38
-pb-i_PlBlA 2016-06-04 113 45 30 3 12 407 118 85 2 31
-pb-i_PlBlA 2016-06-05 92 30 17 3 10 408 108 66 7 35
-pb-i_PlBlA 2016-06-06 79 27 18 1 8 308 87 45 3 39
-pb-i_PlBlA 2016-06-07 72 28 21 2 5 320 101 63 8 30
-pb-i_PlBlA 2016-06-08 76 26 20 2 4 320 93 68 3 22
-pb-i_PlBlA 2016-06-09 89 26 18 1 7 342 96 55 8 33
-pb-i_PlBlA 2016-06-10 94 25 15 2 8 365 105 73 3 29
-pb-i_PlBlA 2016-06-11 67 18 12 1 5 390 112 73 14 25
-pb-i_PlBlA 2016-06-12 105 29 20 3 6 513 131 83 9 39
-pb-i_PlBlA 2016-06-13 116 37 21 7 9 354 117 66 10 41
-pb-i_PlBlA 2016-06-14 95 28 23 0 5 423 127 85 11 31
-pb-i_PlBlA 2016-06-15 76 31 18 3 10 373 122 80 5 37
-pb-i_PlBlA 2016-06-16 67 23 19 1 3 357 126 76 6 44
-pb-i_PlBlA 2016-06-17 67 17 13 1 3 345 114 81 11 22
-pb-i_PlBlA 2016-06-18 81 29 16 2 11 391 134 84 10 40
-pb-i_PlBlA 2016-06-19 119 37 25 5 7 455 134 82 12 40
-pb-i_PlBlA 2016-06-20 97 22 18 0 4 369 111 71 7 33
-pb-i_PlBlA 2016-06-21 123 37 25 3 9 443 135 86 7 42
-pb-i_PlBlA 2016-06-22 74 25 16 1 8 494 167 100 13 54
-pb-i_PlBlA 2016-06-23 92 32 23 1 8 437 140 93 7 40
-pb-i_PlBlA 2016-06-24 108 31 27 1 3 479 148 88 15 45
-pb-i_PlBlA 2016-06-25 118 46 32 0 14 477 154 110 11 33
-pb-i_PlBlA 2016-06-26 92 32 26 5 1 467 141 100 4 37
-pb-i_PlBlA 2016-06-27 87 33 28 0 5 476 140 82 11 47
-pb-i_PlBlA 2016-06-28 77 24 21 0 3 477 139 96 8 35
-pb-i_PlBlA 2016-06-29 103 22 14 2 6 539 160 107 8 45
-pb-i_PlBlA 2016-06-30 82 21 18 1 2 497 153 95 7 51
-pb-i_PlBlA 2016-07-01 69 23 14 2 7 534 162 111 11 40
-pb-i_PlBlA 2016-07-02 94 31 28 0 3 554 158 98 10 50
-pb-i_PlBlA 2016-07-03 89 33 18 4 11 524 133 89 5 39
-pb-i_PlBlA 2016-07-04 98 36 25 1 10 489 139 86 13 40
-pb-i_PlBlA 2016-07-05 104 31 21 4 6 510 133 92 4 37
-pb-i_PlBlA 2016-07-06 132 45 32 4 9 520 179 118 15 46
-pb-i_PlBlA 2016-07-07 136 39 26 4 9 527 144 88 14 42
-pb-i_PlBlA 2016-07-08 108 36 25 5 6 475 149 99 4 46
-pb-i_PlBlA 2016-07-09 101 36 28 1 7 538 183 107 12 64
-pb-i_PlBlA 2016-07-10 122 44 30 2 12 554 202 127 19 56
-pb-i_PlBlA 2016-07-11 100 35 24 5 6 551 188 112 14 62
-pb-i_PlBlA 2016-07-12 128 42 31 1 10 557 217 140 16 61
-pb-i_PlBlA 2016-07-13 159 40 29 2 9 514 174 108 13 53
-pb-i_PlBlA 2016-07-14 127 35 24 2 9 607 212 142 10 60
-pb-i_PlBlA 2016-07-15 105 29 18 2 9 610 196 135 16 45
-pb-i_PlBlA 2016-07-16 87 27 18 5 4 600 210 139 17 54
-pb-i_PlBlA 2016-07-17 112 40 28 1 11 631 178 108 19 51
-pb-i_PlBlA 2016-07-18 142 47 29 5 13 610 179 126 9 44
-pb-i_PlBlA 2016-07-19 76 30 16 0 14 718 213 131 18 64
-pb-i_PlBlA 2016-07-20 89 23 16 1 6 663 217 147 15 55
-pb-i_PlBlA 2016-07-21 114 36 18 4 14 684 233 166 8 59
-pb-i_PlBlA 2016-07-22 89 31 20 1 10 667 189 135 10 44
-pb-i_PlBlA 2016-07-23 258 78 56 5 17 594 202 130 8 64
-pb-i_PlBlA 2016-07-24 135 41 31 1 9 697 211 145 8 58
-pb-i_PlBlA 2016-07-25 102 39 30 5 4 600 195 147 8 40
-pb-i_PlBlA 2016-07-26 122 35 26 0 9 766 268 181 17 70
-pb-i_PlBlA 2016-07-27 129 51 35 3 13 724 230 153 20 57
-pb-i_PlBlA 2016-07-28 145 57 40 0 17 698 200 130 10 60
-pb-i_PlBlA 2016-07-29 155 62 40 4 18 777 293 211 9 73
-pb-i_PlBlA 2016-07-30 126 44 34 3 7 734 239 151 15 73
-pb-i_PlBlA 2016-07-31 151 62 42 7 13 743 222 155 12 55
-pb-i_PlBlA 2016-08-01 154 49 34 4 11 771 262 180 15 67
