video date target_total target_isis target_happy target_sad target_angry total isis happy sad angry
aJG9XDbBcC8 2015-06-01 0 0 0 0 0 14 2 1 0 1
aJG9XDbBcC8 2015-06-02 2 0 0 0 0 8 4 1 1 2
aJG9XDbBcC8 2015-06-03 0 0 0 0 0 12 4 1 2 1
aJG9XDbBcC8 2015-06-04 0 0 0 0 0 8 1 1 0 0
aJG9XDbBcC8 2015-06-05 0 0 0 0 0 9 0 0 0 0
aJG9XDbBcC8 2015-06-06 0 0 0 0 0 14 3 2 0 1
aJG9XDbBcC8 2015-06-07 0 0 0 0 0 19 3 1 1 1
aJG9XDbBcC8 2015-06-08 0 0 0 0 0 15 0 0 0 0
aJG9XDbBcC8 2015-06-09 0 0 0 0 0 13 6 3 0 3
aJG9XDbBcC8 2015-06-10 0 0 0 0 0 5 1 1 0 0
aJG9XDbBcC8 2015-06-11 0 0 0 0 0 11 2 1 0 1
aJG9XDbBcC8 2015-06-12 0 0 0 0 0 23 1 1 0 0
aJG9XDbBcC8 2015-06-13 0 0 0 0 0 11 2 1 0 1
aJG9XDbBcC8 2015-06-14 0 0 0 0 0 10 2 0 0 2
aJG9XDbBcC8 2015-06-15 2 0 0 0 0 13 0 0 0 0
aJG9XDbBcC8 2015-06-16 0 0 0 0 0 15 1 1 0 0
aJG9XDbBcC8 2015-06-17 0 0 0 0 0 11 0 0 0 0
aJG9XDbBcC8 2015-06-18 0 0 0 0 0 13 1 0 0 1
aJG9XDbBcC8 2015-06-19 0 0 0 0 0 5 0 0 0 0
aJG9XDbBcC8 2015-06-20 1 0 0 0 0 6 0 0 0 0
aJG9XDbBcC8 2015-06-21 0 0 0 0 0 6 0 0 0 0
aJG9XDbBcC8 2015-06-22 1 0 0 0 0 2 0 0 0 0
aJG9XDbBcC8 2015-06-23 1 0 0 0 0 8 1 0 0 1
aJG9XDbBcC8 2015-06-24 2 0 0 0 0 10 4 2 0 2
aJG9XDbBcC8 2015-06-25 1 0 0 0 0 8 3 0 0 3
aJG9XDbBcC8 2015-06-26 0 0 0 0 0 3 0 0 0 0
aJG9XDbBcC8 2015-06-27 0 0 0 0 0 9 1 1 0 0
aJG9XDbBcC8 2015-06-28 0 0 0 0 0 8 0 0 0 0
aJG9XDbBcC8 2015-06-29 0 0 0 0 0 7 0 0 0 0
aJG9XDbBcC8 2015-06-30 0 0 0 0 0 9 0 0 0 0
aJG9XDbBcC8 2015-07-01 0 0 0 0 0 9 1 0 0 1
aJG9XDbBcC8 2015-07-02 0 0 0 0 0 13 1 0 0 1
aJG9XDbBcC8 2015-07-03 0 0 0 0 0 18 1 1 0 0
aJG9XDbBcC8 2015-07-04 0 0 0 0 0 38 4 0 0 4
aJG9XDbBcC8 2015-07-05 0 0 0 0 0 13 0 0 0 0
aJG9XDbBcC8 2015-07-06 0 0 0 0 0 26 2 2 0 0
aJG9XDbBcC8 2015-07-07 0 0 0 0 0 20 2 0 0 2
aJG9XDbBcC8 2015-07-08 0 0 0 0 0 21 4 1 0 3
aJG9XDbBcC8 2015-07-09 0 0 0 0 0 29 3 0 0 3
aJG9XDbBcC8 2015-07-10 0 0 0 0 0 32 6 2 1 3
aJG9XDbBcC8 2015-07-11 0 0 0 0 0 32 6 1 0 5
aJG9XDbBcC8 2015-07-12 0 0 0 0 0 31 3 2 0 1
aJG9XDbBcC8 2015-07-13 1 0 0 0 0 34 4 1 1 2
aJG9XDbBcC8 2015-07-14 0 0 0 0 0 11 1 0 1 0
aJG9XDbBcC8 2015-07-15 2 0 0 0 0 30 1 1 0 0
aJG9XDbBcC8 2015-07-16 0 0 0 0 0 25 3 1 0 2
aJG9XDbBcC8 2015-07-17 0 0 0 0 0 22 2 1 1 0
aJG9XDbBcC8 2015-07-18 0 0 0 0 0 31 9 7 0 2
aJG9XDbBcC8 2015-07-19 0 0 0 0 0 13 2 0 0 2
aJG9XDbBcC8 2015-07-20 0 0 0 0 0 46 14 10 0 4
aJG9XDbBcC8 2015-07-21 0 0 0 0 0 45 10 5 0 5
aJG9XDbBcC8 2015-07-22 0 0 0 0 0 35 8 4 0 4
aJG9XDbBcC8 2015-07-23 0 0 0 0 0 17 0 0 0 0
aJG9XDbBcC8 2015-07-24 0 0 0 0 0 2 0 0 0 0
aJG9XDbBcC8 2015-07-25 0 0 0 0 0 12 2 1 0 1
aJG9XDbBcC8 2015-07-26 0 0 0 0 0 11 4 1 0 3
aJG9XDbBcC8 2015-07-27 0 0 0 0 0 11 1 0 0 1
aJG9XDbBcC8 2015-07-28 0 0 0 0 0 7 0 0 0 0
aJG9XDbBcC8 2015-07-29 0 0 0 0 0 15 1 1 0 0
aJG9XDbBcC8 2015-07-30 0 0 0 0 0 14 1 0 0 1
aJG9XDbBcC8 2015-07-31 3 0 0 0 0 16 2 1 0 1
aJG9XDbBcC8 2015-08-01 0 0 0 0 0 13 4 0 0 4
aJG9XDbBcC8 2015-08-02 1 1 0 0 1 10 0 0 0 0
aJG9XDbBcC8 2015-08-03 0 0 0 0 0 13 0 0 0 0
aJG9XDbBcC8 2015-08-04 0 0 0 0 0 32 7 5 0 2
aJG9XDbBcC8 2015-08-05 0 0 0 0 0 64 8 7 0 1
aJG9XDbBcC8 2015-08-06 0 0 0 0 0 36 9 9 0 0
aJG9XDbBcC8 2015-08-07 1 0 0 0 0 31 2 2 0 0
aJG9XDbBcC8 2015-08-08 1 0 0 0 0 13 1 1 0 0
aJG9XDbBcC8 2015-08-09 0 0 0 0 0 25 4 2 0 2
aJG9XDbBcC8 2015-08-10 0 0 0 0 0 23 1 0 0 1
aJG9XDbBcC8 2015-08-11 0 0 0 0 0 23 0 0 0 0
aJG9XDbBcC8 2015-08-12 0 0 0 0 0 23 1 0 0 1
aJG9XDbBcC8 2015-08-13 0 0 0 0 0 14 0 0 0 0
aJG9XDbBcC8 2015-08-14 1 0 0 0 0 21 1 0 0 1
aJG9XDbBcC8 2015-08-15 0 0 0 0 0 17 3 2 0 1
aJG9XDbBcC8 2015-08-16 0 0 0 0 0 10 1 0 0 1
aJG9XDbBcC8 2015-08-17 0 0 0 0 0 12 0 0 0 0
aJG9XDbBcC8 2015-08-18 0 0 0 0 0 9 1 1 0 0
aJG9XDbBcC8 2015-08-19 0 0 0 0 0 24 2 2 0 0
aJG9XDbBcC8 2015-08-20 0 0 0 0 0 10 1 1 0 0
aJG9XDbBcC8 2015-08-21 0 0 0 0 0 10 3 2 1 0
aJG9XDbBcC8 2015-08-22 0 0 0 0 0 29 3 0 0 3
aJG9XDbBcC8 2015-08-23 0 0 0 0 0 22 3 0 0 3
aJG9XDbBcC8 2015-08-24 0 0 0 0 0 14 2 1 0 1
aJG9XDbBcC8 2015-08-25 1 0 0 0 0 13 2 1 1 0
aJG9XDbBcC8 2015-08-26 0 0 0 0 0 11 0 0 0 0
aJG9XDbBcC8 2015-08-27 0 0 0 0 0 6 1 1 0 0
aJG9XDbBcC8 2015-08-28 1 0 0 0 0 10 1 1 0 0
aJG9XDbBcC8 2015-08-29 0 0 0 0 0 15 4 2 0 2
aJG9XDbBcC8 2015-08-30 0 0 0 0 0 2 0 0 0 0
aJG9XDbBcC8 2015-08-31 0 0 0 0 0 4 0 0 0 0
aJG9XDbBcC8 2015-09-01 1 0 0 0 0 6 0 0 0 0
aJG9XDbBcC8 2015-09-02 0 0 0 0 0 9 1 0 0 1
aJG9XDbBcC8 2015-09-03 0 0 0 0 0 6 1 0 0 1
aJG9XDbBcC8 2015-09-04 3 0 0 0 0 8 0 0 0 0
aJG9XDbBcC8 2015-09-05 0 0 0 0 0 15 2 0 0 2
aJG9XDbBcC8 2015-09-06 0 0 0 0 0 7 1 0 0 1
aJG9XDbBcC8 2015-09-07 0 0 0 0 0 8 0 0 0 0
aJG9XDbBcC8 2015-09-08 0 0 0 0 0 10 1 1 0 0
aJG9XDbBcC8 2015-09-09 0 0 0 0 0 5 0 0 0 0
aJG9XDbBcC8 2015-09-10 0 0 0 0 0 8 1 0 0 1
aJG9XDbBcC8 2015-09-11 0 0 0 0 0 13 2 1 0 1
aJG9XDbBcC8 2015-09-12 0 0 0 0 0 9 1 1 0 0
aJG9XDbBcC8 2015-09-13 0 0 0 0 0 4 1 0 0 1
aJG9XDbBcC8 2015-09-14 1 0 0 0 0 10 2 0 0 2
aJG9XDbBcC8 2015-09-15 1 0 0 0 0 10 0 0 0 0
aJG9XDbBcC8 2015-09-16 1 0 0 0 0 5 1 1 0 0
aJG9XDbBcC8 2015-09-17 1 0 0 0 0 8 0 0 0 0
aJG9XDbBcC8 2015-09-18 0 0 0 0 0 35 0 0 0 0
aJG9XDbBcC8 2015-09-19 0 0 0 0 0 11 4 3 0 1
aJG9XDbBcC8 2015-09-20 0 0 0 0 0 11 1 1 0 0
aJG9XDbBcC8 2015-09-21 0 0 0 0 0 12 1 0 0 1
aJG9XDbBcC8 2015-09-22 0 0 0 0 0 7 0 0 0 0
aJG9XDbBcC8 2015-09-23 0 0 0 0 0 10 1 1 0 0
aJG9XDbBcC8 2015-09-24 0 0 0 0 0 9 1 0 0 1
aJG9XDbBcC8 2015-09-25 0 0 0 0 0 19 2 0 0 2
aJG9XDbBcC8 2015-09-26 0 0 0 0 0 16 6 3 0 3
aJG9XDbBcC8 2015-09-27 0 0 0 0 0 14 2 0 1 1
aJG9XDbBcC8 2015-09-28 0 0 0 0 0 10 0 0 0 0
aJG9XDbBcC8 2015-09-29 0 0 0 0 0 22 3 0 0 3
aJG9XDbBcC8 2015-09-30 0 0 0 0 0 21 5 2 0 3
aJG9XDbBcC8 2015-10-01 0 0 0 0 0 19 0 0 0 0
aJG9XDbBcC8 2015-10-02 0 0 0 0 0 17 5 2 0 3
aJG9XDbBcC8 2015-10-03 0 0 0 0 0 16 3 1 0 2
aJG9XDbBcC8 2015-10-04 0 0 0 0 0 12 3 2 0 1
aJG9XDbBcC8 2015-10-05 0 0 0 0 0 18 4 1 0 3
aJG9XDbBcC8 2015-10-06 0 0 0 0 0 11 2 0 0 2
aJG9XDbBcC8 2015-10-07 0 0 0 0 0 12 1 0 0 1
aJG9XDbBcC8 2015-10-08 0 0 0 0 0 25 0 0 0 0
aJG9XDbBcC8 2015-10-09 0 0 0 0 0 21 4 2 0 2
aJG9XDbBcC8 2015-10-10 0 0 0 0 0 22 4 2 0 2
aJG9XDbBcC8 2015-10-11 0 0 0 0 0 12 3 0 0 3
aJG9XDbBcC8 2015-10-12 0 0 0 0 0 15 0 0 0 0
aJG9XDbBcC8 2015-10-13 0 0 0 0 0 6 0 0 0 0
aJG9XDbBcC8 2015-10-14 0 0 0 0 0 11 1 0 0 1
aJG9XDbBcC8 2015-10-15 0 0 0 0 0 14 1 0 0 1
aJG9XDbBcC8 2015-10-16 0 0 0 0 0 12 2 1 0 1
aJG9XDbBcC8 2015-10-17 0 0 0 0 0 11 2 1 0 1
aJG9XDbBcC8 2015-10-18 0 0 0 0 0 12 1 0 0 1
aJG9XDbBcC8 2015-10-19 0 0 0 0 0 10 1 0 0 1
aJG9XDbBcC8 2015-10-20 0 0 0 0 0 10 2 1 0 1
aJG9XDbBcC8 2015-10-21 0 0 0 0 0 18 2 0 0 2
aJG9XDbBcC8 2015-10-22 0 0 0 0 0 11 1 1 0 0
aJG9XDbBcC8 2015-10-23 0 0 0 0 0 16 2 0 0 2
aJG9XDbBcC8 2015-10-24 0 0 0 0 0 22 1 0 0 1
aJG9XDbBcC8 2015-10-25 0 0 0 0 0 12 0 0 0 0
aJG9XDbBcC8 2015-10-26 0 0 0 0 0 14 1 0 0 1
aJG9XDbBcC8 2015-10-27 1 0 0 0 0 14 1 0 0 1
aJG9XDbBcC8 2015-10-28 3 0 0 0 0 7 1 0 0 1
aJG9XDbBcC8 2015-10-29 0 0 0 0 0 15 0 0 0 0
aJG9XDbBcC8 2015-10-30 0 0 0 0 0 15 3 1 0 2
aJG9XDbBcC8 2015-10-31 0 0 0 0 0 14 0 0 0 0
aJG9XDbBcC8 2015-11-01 0 0 0 0 0 11 3 1 0 2
aJG9XDbBcC8 2015-11-02 0 0 0 0 0 13 3 0 0 3
aJG9XDbBcC8 2015-11-03 0 0 0 0 0 10 2 1 0 1
aJG9XDbBcC8 2015-11-04 1 0 0 0 0 20 2 0 1 1
aJG9XDbBcC8 2015-11-05 0 0 0 0 0 22 1 0 0 1
aJG9XDbBcC8 2015-11-06 0 0 0 0 0 23 6 2 0 4
aJG9XDbBcC8 2015-11-07 0 0 0 0 0 49 6 1 0 5
aJG9XDbBcC8 2015-11-08 0 0 0 0 0 18 3 1 0 2
aJG9XDbBcC8 2015-11-09 0 0 0 0 0 13 3 0 0 3
aJG9XDbBcC8 2015-11-10 0 0 0 0 0 43 9 6 0 3
aJG9XDbBcC8 2015-11-11 0 0 0 0 0 31 4 0 0 4
aJG9XDbBcC8 2015-11-12 0 0 0 0 0 39 1 0 0 1
aJG9XDbBcC8 2015-11-13 0 0 0 0 0 20 4 2 0 2
aJG9XDbBcC8 2015-11-14 0 0 0 0 0 58 4 2 0 2
aJG9XDbBcC8 2015-11-15 0 0 0 0 0 28 2 1 0 1
aJG9XDbBcC8 2015-11-16 0 0 0 0 0 24 5 1 1 3
aJG9XDbBcC8 2015-11-17 0 0 0 0 0 18 3 1 0 2
aJG9XDbBcC8 2015-11-18 0 0 0 0 0 31 5 2 0 3
aJG9XDbBcC8 2015-11-19 0 0 0 0 0 27 4 1 0 3
aJG9XDbBcC8 2015-11-20 0 0 0 0 0 46 4 3 0 1
aJG9XDbBcC8 2015-11-21 0 0 0 0 0 40 3 1 1 1
aJG9XDbBcC8 2015-11-22 0 0 0 0 0 30 4 3 0 1
aJG9XDbBcC8 2015-11-23 0 0 0 0 0 27 7 2 1 4
aJG9XDbBcC8 2015-11-24 0 0 0 0 0 29 4 3 0 1
aJG9XDbBcC8 2015-11-25 0 0 0 0 0 44 4 1 0 3
aJG9XDbBcC8 2015-11-26 0 0 0 0 0 25 4 2 0 2
aJG9XDbBcC8 2015-11-27 0 0 0 0 0 39 7 2 2 3
aJG9XDbBcC8 2015-11-28 0 0 0 0 0 26 5 1 0 4
aJG9XDbBcC8 2015-11-29 0 0 0 0 0 27 2 2 0 0
aJG9XDbBcC8 2015-11-30 0 0 0 0 0 48 2 2 0 0
aJG9XDbBcC8 2015-12-01 0 0 0 0 0 26 3 2 1 0
aJG9XDbBcC8 2015-12-02 0 0 0 0 0 13 1 1 0 0
aJG9XDbBcC8 2015-12-03 0 0 0 0 0 15 2 2 0 0
aJG9XDbBcC8 2015-12-04 0 0 0 0 0 19 1 0 0 1
aJG9XDbBcC8 2015-12-05 1 0 0 0 0 11 2 2 0 0
aJG9XDbBcC8 2015-12-06 0 0 0 0 0 13 1 0 0 1
aJG9XDbBcC8 2015-12-07 0 0 0 0 0 12 2 1 0 1
aJG9XDbBcC8 2015-12-08 0 0 0 0 0 18 4 1 0 3
aJG9XDbBcC8 2015-12-09 0 0 0 0 0 12 2 1 0 1
aJG9XDbBcC8 2015-12-10 0 0 0 0 0 15 1 0 0 1
aJG9XDbBcC8 2015-12-11 0 0 0 0 0 6 1 0 0 1
aJG9XDbBcC8 2015-12-12 0 0 0 0 0 42 3 3 0 0
aJG9XDbBcC8 2015-12-13 0 0 0 0 0 18 1 1 0 0
aJG9XDbBcC8 2015-12-14 1 0 0 0 0 9 4 2 0 2
aJG9XDbBcC8 2015-12-15 0 0 0 0 0 14 0 0 0 0
aJG9XDbBcC8 2015-12-16 1 0 0 0 0 12 3 2 0 1
aJG9XDbBcC8 2015-12-17 0 0 0 0 0 1 1 1 0 0
aJG9XDbBcC8 2015-12-18 0 0 0 0 0 12 1 0 0 1
aJG9XDbBcC8 2015-12-19 0 0 0 0 0 5 1 0 0 1
aJG9XDbBcC8 2015-12-20 0 0 0 0 0 5 2 0 0 2
aJG9XDbBcC8 2015-12-21 0 0 0 0 0 7 0 0 0 0
aJG9XDbBcC8 2015-12-22 0 0 0 0 0 18 2 0 1 1
aJG9XDbBcC8 2015-12-23 0 0 0 0 0 11 3 2 1 0
aJG9XDbBcC8 2015-12-24 0 0 0 0 0 13 3 2 0 1
aJG9XDbBcC8 2015-12-25 0 0 0 0 0 10 0 0 0 0
aJG9XDbBcC8 2015-12-26 0 0 0 0 0 9 2 0 1 1
aJG9XDbBcC8 2015-12-27 0 0 0 0 0 5 1 1 0 0
aJG9XDbBcC8 2015-12-28 0 0 0 0 0 15 2 1 0 1
aJG9XDbBcC8 2015-12-29 0 0 0 0 0 17 3 1 0 2
aJG9XDbBcC8 2015-12-30 1 0 0 0 0 16 3 1 0 2
aJG9XDbBcC8 2015-12-31 1 0 0 0 0 13 3 2 0 1
aJG9XDbBcC8 2016-01-01 0 0 0 0 0 9 1 1 0 0
aJG9XDbBcC8 2016-01-02 1 0 0 0 0 12 1 0 0 1
aJG9XDbBcC8 2016-01-03 2 0 0 0 0 23 6 1 1 4
aJG9XDbBcC8 2016-01-04 0 0 0 0 0 10 3 2 0 1
aJG9XDbBcC8 2016-01-05 0 0 0 0 0 11 2 0 0 2
aJG9XDbBcC8 2016-01-06 0 0 0 0 0 13 2 1 0 1
aJG9XDbBcC8 2016-01-07 0 0 0 0 0 4 2 1 0 1
aJG9XDbBcC8 2016-01-08 14 1 0 0 1 9 1 1 0 0
aJG9XDbBcC8 2016-01-09 1 0 0 0 0 8 0 0 0 0
aJG9XDbBcC8 2016-01-10 0 0 0 0 0 17 6 4 1 1
aJG9XDbBcC8 2016-01-11 2 0 0 0 0 14 2 1 0 1
aJG9XDbBcC8 2016-01-12 2 0 0 0 0 15 3 2 0 1
aJG9XDbBcC8 2016-01-13 2 0 0 0 0 9 1 0 0 1
aJG9XDbBcC8 2016-01-14 2 0 0 0 0 15 1 0 0 1
aJG9XDbBcC8 2016-01-15 5 0 0 0 0 19 7 3 0 4
aJG9XDbBcC8 2016-01-16 0 0 0 0 0 11 1 1 0 0
aJG9XDbBcC8 2016-01-17 1 0 0 0 0 14 0 0 0 0
aJG9XDbBcC8 2016-01-18 5 0 0 0 0 19 0 0 0 0
aJG9XDbBcC8 2016-01-19 3 0 0 0 0 8 1 1 0 0
aJG9XDbBcC8 2016-01-20 3 0 0 0 0 20 10 8 1 1
aJG9XDbBcC8 2016-01-21 7 0 0 0 0 17 4 3 0 1
aJG9XDbBcC8 2016-01-22 2 0 0 0 0 33 3 0 0 3
aJG9XDbBcC8 2016-01-23 2 1 0 0 1 10 0 0 0 0
aJG9XDbBcC8 2016-01-24 2 0 0 0 0 16 2 1 0 1
aJG9XDbBcC8 2016-01-25 2 0 0 0 0 17 4 0 0 4
aJG9XDbBcC8 2016-01-26 10 0 0 0 0 21 5 4 0 1
aJG9XDbBcC8 2016-01-27 17 2 0 0 2 30 4 2 0 2
aJG9XDbBcC8 2016-01-28 12 1 1 0 0 19 1 0 0 1
aJG9XDbBcC8 2016-01-29 8 0 0 0 0 20 0 0 0 0
aJG9XDbBcC8 2016-01-30 6 0 0 0 0 30 5 2 0 3
aJG9XDbBcC8 2016-01-31 0 0 0 0 0 14 0 0 0 0
aJG9XDbBcC8 2016-02-01 0 0 0 0 0 40 6 4 0 2
aJG9XDbBcC8 2016-02-02 2 0 0 0 0 23 1 1 0 0
aJG9XDbBcC8 2016-02-03 0 0 0 0 0 23 0 0 0 0
aJG9XDbBcC8 2016-02-04 0 0 0 0 0 16 2 2 0 0
aJG9XDbBcC8 2016-02-05 0 0 0 0 0 13 2 1 1 0
aJG9XDbBcC8 2016-02-06 1 0 0 0 0 15 3 1 0 2
aJG9XDbBcC8 2016-02-07 1 1 0 0 1 17 3 1 0 2
aJG9XDbBcC8 2016-02-08 0 0 0 0 0 23 1 1 0 0
aJG9XDbBcC8 2016-02-09 2 0 0 0 0 18 3 1 0 2
aJG9XDbBcC8 2016-02-10 2 0 0 0 0 16 1 0 0 1
aJG9XDbBcC8 2016-02-11 0 0 0 0 0 6 0 0 0 0
aJG9XDbBcC8 2016-02-12 6 0 0 0 0 13 1 0 0 1
aJG9XDbBcC8 2016-02-13 20 1 0 0 1 22 2 1 0 1
aJG9XDbBcC8 2016-02-14 8 0 0 0 0 23 4 3 0 1
aJG9XDbBcC8 2016-02-15 6 0 0 0 0 19 0 0 0 0
aJG9XDbBcC8 2016-02-16 10 0 0 0 0 37 8 4 1 3
aJG9XDbBcC8 2016-02-17 4 0 0 0 0 26 2 1 0 1
aJG9XDbBcC8 2016-02-18 7 0 0 0 0 19 3 0 0 3
aJG9XDbBcC8 2016-02-19 2 1 0 0 1 15 7 4 1 2
aJG9XDbBcC8 2016-02-20 1 0 0 0 0 15 2 2 0 0
aJG9XDbBcC8 2016-02-21 0 0 0 0 0 27 5 3 0 2
aJG9XDbBcC8 2016-02-22 15 0 0 0 0 27 3 1 0 2
aJG9XDbBcC8 2016-02-23 4 0 0 0 0 17 3 2 1 0
aJG9XDbBcC8 2016-02-24 2 0 0 0 0 26 3 3 0 0
aJG9XDbBcC8 2016-02-25 0 0 0 0 0 53 5 1 1 3
aJG9XDbBcC8 2016-02-26 1 0 0 0 0 38 10 2 0 8
aJG9XDbBcC8 2016-02-27 6 0 0 0 0 26 2 0 0 2
aJG9XDbBcC8 2016-02-28 2 0 0 0 0 34 5 1 0 4
aJG9XDbBcC8 2016-02-29 13 2 0 0 2 27 4 1 1 2
aJG9XDbBcC8 2016-03-01 2 0 0 0 0 38 7 2 0 5
aJG9XDbBcC8 2016-03-02 1 0 0 0 0 24 4 1 0 3
aJG9XDbBcC8 2016-03-03 0 0 0 0 0 30 3 2 1 0
aJG9XDbBcC8 2016-03-04 0 0 0 0 0 18 2 1 0 1
aJG9XDbBcC8 2016-03-05 0 0 0 0 0 45 6 3 0 3
aJG9XDbBcC8 2016-03-06 1 0 0 0 0 23 2 0 1 1
aJG9XDbBcC8 2016-03-07 1 0 0 0 0 25 3 0 0 3
aJG9XDbBcC8 2016-03-08 0 0 0 0 0 46 8 2 2 4
aJG9XDbBcC8 2016-03-09 3 0 0 0 0 87 7 1 1 5
aJG9XDbBcC8 2016-03-10 3 1 0 1 0 30 2 0 0 2
aJG9XDbBcC8 2016-03-11 1 0 0 0 0 53 11 4 0 7
aJG9XDbBcC8 2016-03-12 6 0 0 0 0 44 9 4 1 4
aJG9XDbBcC8 2016-03-13 2 0 0 0 0 39 5 2 0 3
aJG9XDbBcC8 2016-03-14 0 0 0 0 0 31 1 0 0 1
aJG9XDbBcC8 2016-03-15 0 0 0 0 0 49 10 0 0 10
aJG9XDbBcC8 2016-03-16 3 0 0 0 0 34 5 0 0 5
aJG9XDbBcC8 2016-03-17 8 0 0 0 0 52 2 2 0 0
aJG9XDbBcC8 2016-03-18 11 2 0 0 2 61 8 1 0 7
aJG9XDbBcC8 2016-03-19 8 1 0 0 1 36 3 1 1 1
aJG9XDbBcC8 2016-03-20 28 2 1 0 1 35 5 2 0 3
aJG9XDbBcC8 2016-03-21 2 0 0 0 0 53 4 1 0 3
aJG9XDbBcC8 2016-03-22 0 0 0 0 0 38 6 0 0 6
aJG9XDbBcC8 2016-03-23 2 0 0 0 0 49 3 0 0 3
aJG9XDbBcC8 2016-03-24 12 3 0 1 2 48 5 1 1 3
aJG9XDbBcC8 2016-03-25 17 2 0 0 2 45 6 2 0 4
aJG9XDbBcC8 2016-03-26 4 1 0 0 1 36 2 0 1 1
aJG9XDbBcC8 2016-03-27 3 0 0 0 0 51 12 9 0 3
aJG9XDbBcC8 2016-03-28 0 0 0 0 0 35 9 6 0 3
aJG9XDbBcC8 2016-03-29 1 1 0 0 1 37 4 2 0 2
aJG9XDbBcC8 2016-03-30 2 0 0 0 0 25 4 3 0 1
aJG9XDbBcC8 2016-03-31 3 0 0 0 0 45 7 2 0 5
aJG9XDbBcC8 2016-04-01 3 0 0 0 0 54 8 5 1 2
aJG9XDbBcC8 2016-04-02 2 2 0 1 1 34 3 0 0 3
aJG9XDbBcC8 2016-04-03 8 0 0 0 0 22 4 0 1 3
aJG9XDbBcC8 2016-04-04 4 0 0 0 0 35 2 1 0 1
aJG9XDbBcC8 2016-04-05 8 2 0 0 2 35 1 1 0 0
aJG9XDbBcC8 2016-04-06 3 0 0 0 0 28 4 1 1 2
aJG9XDbBcC8 2016-04-07 3 0 0 0 0 35 7 1 0 6
aJG9XDbBcC8 2016-04-08 10 3 0 1 2 46 7 1 0 6
aJG9XDbBcC8 2016-04-09 6 1 1 0 0 43 7 3 0 4
aJG9XDbBcC8 2016-04-10 5 2 0 0 2 31 4 2 0 2
aJG9XDbBcC8 2016-04-11 13 5 2 0 3 56 5 2 0 3
aJG9XDbBcC8 2016-04-12 8 1 0 0 1 40 4 1 0 3
aJG9XDbBcC8 2016-04-13 0 0 0 0 0 28 2 1 0 1
aJG9XDbBcC8 2016-04-14 6 1 0 0 1 39 7 6 0 1
aJG9XDbBcC8 2016-04-15 2 1 1 0 0 35 2 1 0 1
aJG9XDbBcC8 2016-04-16 19 6 0 0 6 29 7 5 0 2
aJG9XDbBcC8 2016-04-17 5 0 0 0 0 30 7 2 2 3
aJG9XDbBcC8 2016-04-18 9 3 0 1 2 30 9 4 0 5
aJG9XDbBcC8 2016-04-19 12 0 0 0 0 33 5 1 0 4
aJG9XDbBcC8 2016-04-20 6 2 0 1 1 34 4 1 0 3
aJG9XDbBcC8 2016-04-21 2 0 0 0 0 61 5 0 0 5
aJG9XDbBcC8 2016-04-22 7 1 0 0 1 18 1 0 0 1
aJG9XDbBcC8 2016-04-23 4 2 0 0 2 33 5 1 2 2
aJG9XDbBcC8 2016-04-24 4 1 0 0 1 43 3 1 0 2
aJG9XDbBcC8 2016-04-25 1 1 0 0 1 44 8 2 0 6
aJG9XDbBcC8 2016-04-26 6 2 2 0 0 42 7 2 1 4
aJG9XDbBcC8 2016-04-27 4 0 0 0 0 43 3 2 0 1
aJG9XDbBcC8 2016-04-28 6 0 0 0 0 36 5 3 1 1
aJG9XDbBcC8 2016-04-29 1 0 0 0 0 32 5 0 0 5
aJG9XDbBcC8 2016-04-30 5 0 0 0 0 26 4 0 0 4
aJG9XDbBcC8 2016-05-01 2 0 0 0 0 33 6 4 1 1
aJG9XDbBcC8 2016-05-02 1 0 0 0 0 18 4 1 0 3
aJG9XDbBcC8 2016-05-03 15 0 0 0 0 21 3 1 0 2
aJG9XDbBcC8 2016-05-04 3 0 0 0 0 32 5 1 0 4
aJG9XDbBcC8 2016-05-05 3 0 0 0 0 32 6 3 0 3
aJG9XDbBcC8 2016-05-06 1 0 0 0 0 45 7 4 0 3
aJG9XDbBcC8 2016-05-07 5 0 0 0 0 46 12 7 0 5
aJG9XDbBcC8 2016-05-08 5 0 0 0 0 37 9 3 3 3
aJG9XDbBcC8 2016-05-09 13 0 0 0 0 36 8 6 1 1
aJG9XDbBcC8 2016-05-10 16 1 0 0 1 43 10 6 0 4
aJG9XDbBcC8 2016-05-11 1 0 0 0 0 26 6 4 0 2
aJG9XDbBcC8 2016-05-12 19 1 0 0 1 41 2 2 0 0
aJG9XDbBcC8 2016-05-13 2 0 0 0 0 40 6 2 0 4
aJG9XDbBcC8 2016-05-14 1 0 0 0 0 36 5 2 0 3
aJG9XDbBcC8 2016-05-15 1 1 1 0 0 28 2 1 1 0
aJG9XDbBcC8 2016-05-16 8 1 1 0 0 50 14 8 0 6
aJG9XDbBcC8 2016-05-17 4 2 1 0 1 56 7 0 0 7
aJG9XDbBcC8 2016-05-18 14 4 2 0 2 35 9 3 0 6
aJG9XDbBcC8 2016-05-19 5 1 1 0 0 32 6 3 0 3
aJG9XDbBcC8 2016-05-20 4 1 0 0 1 37 4 3 0 1
aJG9XDbBcC8 2016-05-21 4 2 1 0 1 30 4 3 0 1
aJG9XDbBcC8 2016-05-22 2 0 0 0 0 39 5 2 0 3
aJG9XDbBcC8 2016-05-23 12 3 2 0 1 57 16 8 0 8
aJG9XDbBcC8 2016-05-24 3 0 0 0 0 26 3 0 0 3
aJG9XDbBcC8 2016-05-25 2 2 2 0 0 25 6 3 0 3
aJG9XDbBcC8 2016-05-26 0 0 0 0 0 34 5 3 0 2
aJG9XDbBcC8 2016-05-27 5 0 0 0 0 29 8 1 0 7
aJG9XDbBcC8 2016-05-28 3 1 1 0 0 27 8 3 0 5
aJG9XDbBcC8 2016-05-29 4 2 1 0 1 32 3 2 0 1
aJG9XDbBcC8 2016-05-30 5 1 1 0 0 41 6 3 1 2
aJG9XDbBcC8 2016-05-31 5 2 0 0 2 46 6 3 0 3
aJG9XDbBcC8 2016-06-01 11 1 1 0 0 45 13 9 0 4
aJG9XDbBcC8 2016-06-02 1 1 1 0 0 52 11 7 1 3
aJG9XDbBcC8 2016-06-03 0 0 0 0 0 50 18 10 0 8
aJG9XDbBcC8 2016-06-04 0 0 0 0 0 54 17 11 1 5
aJG9XDbBcC8 2016-06-05 0 0 0 0 0 76 18 15 0 3
aJG9XDbBcC8 2016-06-06 1 0 0 0 0 47 8 6 1 1
aJG9XDbBcC8 2016-06-07 1 0 0 0 0 37 7 4 0 3
aJG9XDbBcC8 2016-06-08 1 0 0 0 0 40 6 4 0 2
aJG9XDbBcC8 2016-06-09 1 0 0 0 0 58 7 6 1 0
aJG9XDbBcC8 2016-06-10 2 0 0 0 0 56 9 7 0 2
aJG9XDbBcC8 2016-06-11 2 1 0 0 1 73 9 3 1 5
aJG9XDbBcC8 2016-06-12 4 0 0 0 0 63 14 6 0 8
aJG9XDbBcC8 2016-06-13 7 0 0 0 0 48 17 5 2 10
aJG9XDbBcC8 2016-06-14 2 1 0 0 1 58 17 11 1 5
aJG9XDbBcC8 2016-06-15 0 0 0 0 0 44 14 11 1 2
aJG9XDbBcC8 2016-06-16 4 1 0 0 1 56 12 9 1 2
aJG9XDbBcC8 2016-06-17 8 0 0 0 0 61 11 6 0 5
aJG9XDbBcC8 2016-06-18 0 0 0 0 0 53 8 3 0 5
aJG9XDbBcC8 2016-06-19 4 0 0 0 0 47 5 3 0 2
aJG9XDbBcC8 2016-06-20 7 1 1 0 0 54 9 6 1 2
aJG9XDbBcC8 2016-06-21 4 0 0 0 0 45 8 1 2 5
aJG9XDbBcC8 2016-06-22 12 1 0 0 1 32 6 3 1 2
aJG9XDbBcC8 2016-06-23 8 1 0 0 1 52 9 9 0 0
aJG9XDbBcC8 2016-06-24 0 0 0 0 0 54 8 6 1 1
aJG9XDbBcC8 2016-06-25 3 1 0 0 1 31 9 5 1 3
aJG9XDbBcC8 2016-06-26 4 0 0 0 0 28 2 1 1 0
aJG9XDbBcC8 2016-06-27 13 1 1 0 0 46 8 3 0 5
aJG9XDbBcC8 2016-06-28 1 0 0 0 0 43 10 6 0 4
aJG9XDbBcC8 2016-06-29 2 0 0 0 0 37 5 1 0 4
aJG9XDbBcC8 2016-06-30 4 2 2 0 0 23 5 2 0 3
aJG9XDbBcC8 2016-07-01 3 1 1 0 0 43 6 4 0 2
aJG9XDbBcC8 2016-07-02 3 1 1 0 0 42 8 4 0 4
aJG9XDbBcC8 2016-07-03 3 1 1 0 0 57 12 7 0 5
aJG9XDbBcC8 2016-07-04 2 0 0 0 0 55 10 6 1 3
aJG9XDbBcC8 2016-07-05 4 1 1 0 0 78 12 5 2 5
aJG9XDbBcC8 2016-07-06 0 0 0 0 0 63 14 8 1 5
aJG9XDbBcC8 2016-07-07 6 2 2 0 0 47 4 2 0 2
aJG9XDbBcC8 2016-07-08 2 0 0 0 0 43 9 6 0 3
aJG9XDbBcC8 2016-07-09 13 1 1 0 0 46 6 2 0 4
aJG9XDbBcC8 2016-07-10 3 0 0 0 0 74 11 5 1 5
aJG9XDbBcC8 2016-07-11 1 0 0 0 0 49 12 6 2 4
aJG9XDbBcC8 2016-07-12 1 0 0 0 0 60 12 7 1 4
aJG9XDbBcC8 2016-07-13 2 0 0 0 0 46 10 7 1 2
aJG9XDbBcC8 2016-07-14 15 6 6 0 0 55 12 7 2 3
aJG9XDbBcC8 2016-07-15 10 2 2 0 0 54 6 3 1 2
aJG9XDbBcC8 2016-07-16 5 1 0 0 1 52 11 6 0 5
aJG9XDbBcC8 2016-07-17 4 0 0 0 0 53 4 3 0 1
aJG9XDbBcC8 2016-07-18 2 0 0 0 0 47 5 5 0 0
aJG9XDbBcC8 2016-07-19 9 1 0 0 1 31 6 4 0 2
aJG9XDbBcC8 2016-07-20 18 3 1 0 2 47 1 0 0 1
aJG9XDbBcC8 2016-07-21 27 4 3 0 1 62 12 5 1 6
aJG9XDbBcC8 2016-07-22 9 1 0 0 1 48 8 6 1 1
aJG9XDbBcC8 2016-07-23 17 2 2 0 0 63 15 6 0 9
aJG9XDbBcC8 2016-07-24 12 5 2 0 3 66 4 0 1 3
aJG9XDbBcC8 2016-07-25 6 2 2 0 0 67 4 1 1 2
aJG9XDbBcC8 2016-07-26 8 4 3 0 1 59 8 2 0 6
aJG9XDbBcC8 2016-07-27 19 2 0 0 2 51 7 5 0 2
aJG9XDbBcC8 2016-07-28 4 1 1 0 0 52 8 3 0 5
aJG9XDbBcC8 2016-07-29 9 0 0 0 0 48 2 2 0 0
aJG9XDbBcC8 2016-07-30 22 3 2 0 1 51 7 5 0 2
aJG9XDbBcC8 2016-07-31 13 4 3 0 1 85 11 5 0 6
aJG9XDbBcC8 2016-08-01 19 5 4 0 1 68 15 9 2 4
