video date target_total target_isis target_happy target_sad target_angry total isis happy sad angry
b7H00OUf1lA 2015-06-01 0 0 0 0 0 25 13 8 1 4
b7H00OUf1lA 2015-06-02 3 0 0 0 0 26 8 5 0 3
b7H00OUf1lA 2015-06-03 0 0 0 0 0 28 10 10 0 0
b7H00OUf1lA 2015-06-04 0 0 0 0 0 16 2 2 0 0
b7H00OUf1lA 2015-06-05 0 0 0 0 0 14 2 2 0 0
b7H00OUf1lA 2015-06-06 0 0 0 0 0 27 2 1 0 1
b7H00OUf1lA 2015-06-07 0 0 0 0 0 13 7 2 2 3
b7H00OUf1lA 2015-06-08 0 0 0 0 0 15 4 3 0 1
b7H00OUf1lA 2015-06-09 0 0 0 0 0 17 6 4 0 2
b7H00OUf1lA 2015-06-10 0 0 0 0 0 23 9 3 0 6
b7H00OUf1lA 2015-06-11 0 0 0 0 0 17 8 7 0 1
b7H00OUf1lA 2015-06-12 0 0 0 0 0 17 7 3 0 4
b7H00OUf1lA 2015-06-13 0 0 0 0 0 18 4 1 0 3
b7H00OUf1lA 2015-06-14 0 0 0 0 0 19 9 2 2 5
b7H00OUf1lA 2015-06-15 0 0 0 0 0 23 8 7 0 1
b7H00OUf1lA 2015-06-16 0 0 0 0 0 36 13 9 0 4
b7H00OUf1lA 2015-06-17 0 0 0 0 0 20 6 1 0 5
b7H00OUf1lA 2015-06-18 0 0 0 0 0 32 9 6 2 1
b7H00OUf1lA 2015-06-19 1 0 0 0 0 26 7 4 0 3
b7H00OUf1lA 2015-06-20 0 0 0 0 0 35 10 5 3 2
b7H00OUf1lA 2015-06-21 0 0 0 0 0 36 11 7 2 2
b7H00OUf1lA 2015-06-22 0 0 0 0 0 24 12 8 0 4
b7H00OUf1lA 2015-06-23 0 0 0 0 0 28 7 3 1 3
b7H00OUf1lA 2015-06-24 0 0 0 0 0 20 10 6 0 4
b7H00OUf1lA 2015-06-25 0 0 0 0 0 18 8 3 0 5
b7H00OUf1lA 2015-06-26 1 0 0 0 0 30 13 9 2 2
b7H00OUf1lA 2015-06-27 0 0 0 0 0 27 7 3 0 4
b7H00OUf1lA 2015-06-28 0 0 0 0 0 21 5 2 0 3
b7H00OUf1lA 2015-06-29 0 0 0 0 0 32 17 13 1 3
b7H00OUf1lA 2015-06-30 0 0 0 0 0 19 7 5 0 2
b7H00OUf1lA 2015-07-01 0 0 0 0 0 16 8 3 1 4
b7H00OUf1lA 2015-07-02 0 0 0 0 0 18 6 5 1 0
b7H00OUf1lA 2015-07-03 0 0 0 0 0 13 6 2 1 3
b7H00OUf1lA 2015-07-04 0 0 0 0 0 17 5 1 0 4
b7H00OUf1lA 2015-07-05 0 0 0 0 0 18 7 5 0 2
b7H00OUf1lA 2015-07-06 0 0 0 0 0 25 7 4 2 1
b7H00OUf1lA 2015-07-07 0 0 0 0 0 16 3 1 2 0
b7H00OUf1lA 2015-07-08 0 0 0 0 0 34 14 9 2 3
b7H00OUf1lA 2015-07-09 0 0 0 0 0 21 8 5 1 2
b7H00OUf1lA 2015-07-10 0 0 0 0 0 17 4 4 0 0
b7H00OUf1lA 2015-07-11 0 0 0 0 0 20 6 6 0 0
b7H00OUf1lA 2015-07-12 0 0 0 0 0 12 2 2 0 0
b7H00OUf1lA 2015-07-13 0 0 0 0 0 40 21 14 2 5
b7H00OUf1lA 2015-07-14 0 0 0 0 0 24 10 6 1 3
b7H00OUf1lA 2015-07-15 0 0 0 0 0 40 7 7 0 0
b7H00OUf1lA 2015-07-16 0 0 0 0 0 23 9 5 3 1
b7H00OUf1lA 2015-07-17 0 0 0 0 0 20 10 5 1 4
b7H00OUf1lA 2015-07-18 0 0 0 0 0 27 12 7 2 3
b7H00OUf1lA 2015-07-19 0 0 0 0 0 25 10 4 1 5
b7H00OUf1lA 2015-07-20 0 0 0 0 0 30 10 8 1 1
b7H00OUf1lA 2015-07-21 0 0 0 0 0 17 4 2 0 2
b7H00OUf1lA 2015-07-22 0 0 0 0 0 32 10 8 0 2
b7H00OUf1lA 2015-07-23 0 0 0 0 0 25 5 4 0 1
b7H00OUf1lA 2015-07-24 0 0 0 0 0 16 6 5 1 0
b7H00OUf1lA 2015-07-25 0 0 0 0 0 26 13 10 2 1
b7H00OUf1lA 2015-07-26 0 0 0 0 0 29 7 3 0 4
b7H00OUf1lA 2015-07-27 0 0 0 0 0 13 5 3 0 2
b7H00OUf1lA 2015-07-28 0 0 0 0 0 19 7 4 2 1
b7H00OUf1lA 2015-07-29 0 0 0 0 0 30 7 2 0 5
b7H00OUf1lA 2015-07-30 0 0 0 0 0 28 8 5 0 3
b7H00OUf1lA 2015-07-31 0 0 0 0 0 16 6 6 0 0
b7H00OUf1lA 2015-08-01 0 0 0 0 0 22 9 7 0 2
b7H00OUf1lA 2015-08-02 3 0 0 0 0 24 9 3 2 4
b7H00OUf1lA 2015-08-03 3 2 2 0 0 23 4 4 0 0
b7H00OUf1lA 2015-08-04 3 0 0 0 0 31 7 5 1 1
b7H00OUf1lA 2015-08-05 0 0 0 0 0 32 6 5 0 1
b7H00OUf1lA 2015-08-06 4 1 1 0 0 25 7 5 1 1
b7H00OUf1lA 2015-08-07 0 0 0 0 0 22 7 7 0 0
b7H00OUf1lA 2015-08-08 0 0 0 0 0 18 7 4 1 2
b7H00OUf1lA 2015-08-09 1 1 1 0 0 21 9 4 1 4
b7H00OUf1lA 2015-08-10 2 1 0 0 1 29 10 6 1 3
b7H00OUf1lA 2015-08-11 0 0 0 0 0 22 7 5 0 2
b7H00OUf1lA 2015-08-12 0 0 0 0 0 23 11 8 1 2
b7H00OUf1lA 2015-08-13 0 0 0 0 0 31 14 12 0 2
b7H00OUf1lA 2015-08-14 1 0 0 0 0 31 3 2 0 1
b7H00OUf1lA 2015-08-15 0 0 0 0 0 46 16 9 2 5
b7H00OUf1lA 2015-08-16 3 1 0 1 0 30 9 4 1 4
b7H00OUf1lA 2015-08-17 0 0 0 0 0 28 5 4 0 1
b7H00OUf1lA 2015-08-18 0 0 0 0 0 26 8 5 0 3
b7H00OUf1lA 2015-08-19 2 0 0 0 0 36 15 8 4 3
b7H00OUf1lA 2015-08-20 1 0 0 0 0 17 6 6 0 0
b7H00OUf1lA 2015-08-21 0 0 0 0 0 25 12 8 0 4
b7H00OUf1lA 2015-08-22 0 0 0 0 0 28 6 5 0 1
b7H00OUf1lA 2015-08-23 0 0 0 0 0 26 9 4 1 4
b7H00OUf1lA 2015-08-24 1 0 0 0 0 20 3 2 0 1
b7H00OUf1lA 2015-08-25 1 0 0 0 0 21 8 6 0 2
b7H00OUf1lA 2015-08-26 1 1 0 0 1 20 10 8 1 1
b7H00OUf1lA 2015-08-27 0 0 0 0 0 38 6 3 0 3
b7H00OUf1lA 2015-08-28 0 0 0 0 0 41 15 11 2 2
b7H00OUf1lA 2015-08-29 0 0 0 0 0 24 10 4 1 5
b7H00OUf1lA 2015-08-30 0 0 0 0 0 25 6 4 1 1
b7H00OUf1lA 2015-08-31 0 0 0 0 0 24 6 4 1 1
b7H00OUf1lA 2015-09-01 0 0 0 0 0 26 5 3 0 2
b7H00OUf1lA 2015-09-02 0 0 0 0 0 23 6 5 0 1
b7H00OUf1lA 2015-09-03 2 1 0 0 1 14 3 2 0 1
b7H00OUf1lA 2015-09-04 0 0 0 0 0 27 7 5 1 1
b7H00OUf1lA 2015-09-05 0 0 0 0 0 41 9 6 0 3
b7H00OUf1lA 2015-09-06 3 0 0 0 0 41 5 2 1 2
b7H00OUf1lA 2015-09-07 1 0 0 0 0 32 7 3 2 2
b7H00OUf1lA 2015-09-08 0 0 0 0 0 25 8 6 1 1
b7H00OUf1lA 2015-09-09 0 0 0 0 0 20 9 7 0 2
b7H00OUf1lA 2015-09-10 2 1 0 0 1 18 10 8 0 2
b7H00OUf1lA 2015-09-11 1 0 0 0 0 25 8 5 1 2
b7H00OUf1lA 2015-09-12 3 2 0 0 2 30 9 4 1 4
b7H00OUf1lA 2015-09-13 3 1 1 0 0 60 14 11 0 3
b7H00OUf1lA 2015-09-14 0 0 0 0 0 27 6 3 1 2
b7H00OUf1lA 2015-09-15 0 0 0 0 0 58 9 6 1 2
b7H00OUf1lA 2015-09-16 1 0 0 0 0 20 7 3 0 4
b7H00OUf1lA 2015-09-17 1 0 0 0 0 32 15 9 1 5
b7H00OUf1lA 2015-09-18 0 0 0 0 0 19 6 4 1 1
b7H00OUf1lA 2015-09-19 0 0 0 0 0 35 10 4 3 3
b7H00OUf1lA 2015-09-20 1 0 0 0 0 34 9 7 0 2
b7H00OUf1lA 2015-09-21 1 0 0 0 0 25 8 6 0 2
b7H00OUf1lA 2015-09-22 0 0 0 0 0 25 7 4 1 2
b7H00OUf1lA 2015-09-23 1 0 0 0 0 41 14 9 0 5
b7H00OUf1lA 2015-09-24 2 0 0 0 0 32 6 5 0 1
b7H00OUf1lA 2015-09-25 0 0 0 0 0 34 10 2 1 7
b7H00OUf1lA 2015-09-26 0 0 0 0 0 42 15 13 0 2
b7H00OUf1lA 2015-09-27 0 0 0 0 0 44 13 11 2 0
b7H00OUf1lA 2015-09-28 0 0 0 0 0 44 16 9 3 4
b7H00OUf1lA 2015-09-29 0 0 0 0 0 30 7 4 2 1
b7H00OUf1lA 2015-09-30 1 1 1 0 0 21 8 6 1 1
b7H00OUf1lA 2015-10-01 2 0 0 0 0 34 14 10 2 2
b7H00OUf1lA 2015-10-02 1 0 0 0 0 30 8 4 0 4
b7H00OUf1lA 2015-10-03 0 0 0 0 0 33 10 5 3 2
b7H00OUf1lA 2015-10-04 2 0 0 0 0 28 6 2 0 4
b7H00OUf1lA 2015-10-05 0 0 0 0 0 29 7 5 0 2
b7H00OUf1lA 2015-10-06 0 0 0 0 0 29 10 5 2 3
b7H00OUf1lA 2015-10-07 0 0 0 0 0 28 11 9 1 1
b7H00OUf1lA 2015-10-08 1 0 0 0 0 41 16 12 1 3
b7H00OUf1lA 2015-10-09 1 0 0 0 0 38 8 5 0 3
b7H00OUf1lA 2015-10-10 0 0 0 0 0 28 12 4 0 8
b7H00OUf1lA 2015-10-11 0 0 0 0 0 35 16 10 2 4
b7H00OUf1lA 2015-10-12 0 0 0 0 0 48 15 8 1 6
b7H00OUf1lA 2015-10-13 0 0 0 0 0 36 12 7 1 4
b7H00OUf1lA 2015-10-14 1 0 0 0 0 50 12 8 1 3
b7H00OUf1lA 2015-10-15 0 0 0 0 0 28 10 8 0 2
b7H00OUf1lA 2015-10-16 1 0 0 0 0 26 9 7 0 2
b7H00OUf1lA 2015-10-17 0 0 0 0 0 35 11 5 2 4
b7H00OUf1lA 2015-10-18 0 0 0 0 0 26 12 8 2 2
b7H00OUf1lA 2015-10-19 0 0 0 0 0 32 7 5 1 1
b7H00OUf1lA 2015-10-20 0 0 0 0 0 26 10 5 1 4
b7H00OUf1lA 2015-10-21 0 0 0 0 0 27 7 6 0 1
b7H00OUf1lA 2015-10-22 1 1 0 0 1 28 8 5 0 3
b7H00OUf1lA 2015-10-23 1 0 0 0 0 37 5 5 0 0
b7H00OUf1lA 2015-10-24 2 1 1 0 0 19 10 8 1 1
b7H00OUf1lA 2015-10-25 4 1 1 0 0 51 12 8 2 2
b7H00OUf1lA 2015-10-26 0 0 0 0 0 32 12 7 2 3
b7H00OUf1lA 2015-10-27 1 0 0 0 0 32 12 7 2 3
b7H00OUf1lA 2015-10-28 1 0 0 0 0 30 8 6 1 1
b7H00OUf1lA 2015-10-29 1 1 0 0 1 31 10 6 1 3
b7H00OUf1lA 2015-10-30 0 0 0 0 0 24 13 8 1 4
b7H00OUf1lA 2015-10-31 2 0 0 0 0 40 13 9 2 2
b7H00OUf1lA 2015-11-01 1 0 0 0 0 22 9 6 1 2
b7H00OUf1lA 2015-11-02 2 0 0 0 0 19 7 5 1 1
b7H00OUf1lA 2015-11-03 6 3 2 1 0 29 4 3 1 0
b7H00OUf1lA 2015-11-04 1 1 1 0 0 27 8 6 0 2
b7H00OUf1lA 2015-11-05 0 0 0 0 0 22 6 5 1 0
b7H00OUf1lA 2015-11-06 0 0 0 0 0 30 11 7 0 4
b7H00OUf1lA 2015-11-07 4 1 0 0 1 25 10 6 2 2
b7H00OUf1lA 2015-11-08 2 1 1 0 0 17 8 8 0 0
b7H00OUf1lA 2015-11-09 1 1 0 0 1 35 11 5 4 2
b7H00OUf1lA 2015-11-10 1 0 0 0 0 28 8 5 1 2
b7H00OUf1lA 2015-11-11 4 0 0 0 0 32 7 4 1 2
b7H00OUf1lA 2015-11-12 0 0 0 0 0 36 15 12 1 2
b7H00OUf1lA 2015-11-13 1 1 0 0 1 28 6 6 0 0
b7H00OUf1lA 2015-11-14 0 0 0 0 0 26 12 9 1 2
b7H00OUf1lA 2015-11-15 1 0 0 0 0 39 11 7 1 3
b7H00OUf1lA 2015-11-16 0 0 0 0 0 40 19 11 3 5
b7H00OUf1lA 2015-11-17 3 1 0 1 0 35 10 8 1 1
b7H00OUf1lA 2015-11-18 2 0 0 0 0 36 10 5 1 4
b7H00OUf1lA 2015-11-19 1 0 0 0 0 19 3 2 1 0
b7H00OUf1lA 2015-11-20 0 0 0 0 0 34 14 4 5 5
b7H00OUf1lA 2015-11-21 5 0 0 0 0 31 9 7 0 2
b7H00OUf1lA 2015-11-22 2 2 1 1 0 42 18 15 3 0
b7H00OUf1lA 2015-11-23 2 1 0 1 0 17 8 5 1 2
b7H00OUf1lA 2015-11-24 1 0 0 0 0 27 5 4 1 0
b7H00OUf1lA 2015-11-25 2 1 1 0 0 22 4 2 0 2
b7H00OUf1lA 2015-11-26 2 0 0 0 0 22 8 7 1 0
b7H00OUf1lA 2015-11-27 3 3 1 1 1 22 6 4 0 2
b7H00OUf1lA 2015-11-28 4 0 0 0 0 40 9 5 0 4
b7H00OUf1lA 2015-11-29 1 0 0 0 0 30 10 7 1 2
b7H00OUf1lA 2015-11-30 2 0 0 0 0 36 8 3 0 5
b7H00OUf1lA 2015-12-01 1 0 0 0 0 43 19 9 1 9
b7H00OUf1lA 2015-12-02 0 0 0 0 0 36 9 7 1 1
b7H00OUf1lA 2015-12-03 1 0 0 0 0 44 19 12 4 3
b7H00OUf1lA 2015-12-04 2 0 0 0 0 32 11 7 0 4
b7H00OUf1lA 2015-12-05 3 0 0 0 0 34 13 9 1 3
b7H00OUf1lA 2015-12-06 1 1 1 0 0 26 10 3 4 3
b7H00OUf1lA 2015-12-07 1 1 0 0 1 34 9 5 0 4
b7H00OUf1lA 2015-12-08 1 0 0 0 0 54 30 18 1 11
b7H00OUf1lA 2015-12-09 2 2 0 0 2 43 13 7 4 2
b7H00OUf1lA 2015-12-10 0 0 0 0 0 60 21 14 1 6
b7H00OUf1lA 2015-12-11 0 0 0 0 0 28 11 7 1 3
b7H00OUf1lA 2015-12-12 1 0 0 0 0 40 7 6 0 1
b7H00OUf1lA 2015-12-13 0 0 0 0 0 47 14 8 2 4
b7H00OUf1lA 2015-12-14 2 1 0 0 1 26 6 4 0 2
b7H00OUf1lA 2015-12-15 0 0 0 0 0 48 19 11 2 6
b7H00OUf1lA 2015-12-16 2 2 2 0 0 53 16 7 2 7
b7H00OUf1lA 2015-12-17 1 0 0 0 0 52 13 7 1 5
b7H00OUf1lA 2015-12-18 2 2 1 0 1 70 13 11 0 2
b7H00OUf1lA 2015-12-19 2 1 0 0 1 60 22 16 1 5
b7H00OUf1lA 2015-12-20 0 0 0 0 0 35 10 7 1 2
b7H00OUf1lA 2015-12-21 0 0 0 0 0 31 9 5 0 4
b7H00OUf1lA 2015-12-22 1 0 0 0 0 28 8 4 2 2
b7H00OUf1lA 2015-12-23 1 0 0 0 0 27 9 3 1 5
b7H00OUf1lA 2015-12-24 0 0 0 0 0 39 8 5 1 2
b7H00OUf1lA 2015-12-25 5 0 0 0 0 38 12 8 1 3
b7H00OUf1lA 2015-12-26 1 1 0 0 1 50 19 13 3 3
b7H00OUf1lA 2015-12-27 0 0 0 0 0 38 5 3 1 1
b7H00OUf1lA 2015-12-28 1 0 0 0 0 46 12 5 2 5
b7H00OUf1lA 2015-12-29 1 0 0 0 0 40 11 7 0 4
b7H00OUf1lA 2015-12-30 0 0 0 0 0 34 5 5 0 0
b7H00OUf1lA 2015-12-31 0 0 0 0 0 46 18 11 4 3
b7H00OUf1lA 2016-01-01 0 0 0 0 0 47 12 6 0 6
b7H00OUf1lA 2016-01-02 0 0 0 0 0 47 17 14 1 2
b7H00OUf1lA 2016-01-03 2 0 0 0 0 36 15 8 1 6
b7H00OUf1lA 2016-01-04 1 0 0 0 0 43 17 7 5 5
b7H00OUf1lA 2016-01-05 0 0 0 0 0 48 11 8 1 2
b7H00OUf1lA 2016-01-06 1 0 0 0 0 45 12 7 0 5
b7H00OUf1lA 2016-01-07 1 0 0 0 0 52 19 10 3 6
b7H00OUf1lA 2016-01-08 5 0 0 0 0 39 14 10 2 2
b7H00OUf1lA 2016-01-09 0 0 0 0 0 49 15 10 1 4
b7H00OUf1lA 2016-01-10 5 0 0 0 0 42 13 8 3 2
b7H00OUf1lA 2016-01-11 2 0 0 0 0 43 12 5 1 6
b7H00OUf1lA 2016-01-12 7 4 1 2 1 42 12 6 2 4
b7H00OUf1lA 2016-01-13 3 2 2 0 0 36 13 4 3 6
b7H00OUf1lA 2016-01-14 1 0 0 0 0 46 16 11 1 4
b7H00OUf1lA 2016-01-15 2 0 0 0 0 30 14 10 1 3
b7H00OUf1lA 2016-01-16 1 0 0 0 0 28 11 7 0 4
b7H00OUf1lA 2016-01-17 1 1 0 0 1 39 10 5 1 4
b7H00OUf1lA 2016-01-18 1 1 0 1 0 47 16 13 2 1
b7H00OUf1lA 2016-01-19 2 1 0 1 0 29 6 3 0 3
b7H00OUf1lA 2016-01-20 0 0 0 0 0 32 9 5 2 2
b7H00OUf1lA 2016-01-21 2 1 1 0 0 43 14 8 1 5
b7H00OUf1lA 2016-01-22 1 0 0 0 0 43 12 9 0 3
b7H00OUf1lA 2016-01-23 1 0 0 0 0 50 16 10 3 3
b7H00OUf1lA 2016-01-24 4 3 0 0 3 33 9 7 2 0
b7H00OUf1lA 2016-01-25 1 0 0 0 0 30 9 7 1 1
b7H00OUf1lA 2016-01-26 5 1 0 0 1 29 7 2 0 5
b7H00OUf1lA 2016-01-27 1 0 0 0 0 61 16 10 2 4
b7H00OUf1lA 2016-01-28 1 0 0 0 0 34 4 2 0 2
b7H00OUf1lA 2016-01-29 2 0 0 0 0 61 19 12 1 6
b7H00OUf1lA 2016-01-30 1 0 0 0 0 54 15 8 3 4
b7H00OUf1lA 2016-01-31 3 0 0 0 0 43 17 13 0 4
b7H00OUf1lA 2016-02-01 0 0 0 0 0 45 14 8 1 5
b7H00OUf1lA 2016-02-02 0 0 0 0 0 36 9 4 1 4
b7H00OUf1lA 2016-02-03 2 1 0 0 1 36 15 7 2 6
b7H00OUf1lA 2016-02-04 1 0 0 0 0 84 19 16 0 3
b7H00OUf1lA 2016-02-05 9 1 0 0 1 31 5 4 0 1
b7H00OUf1lA 2016-02-06 5 2 1 0 1 46 8 5 1 2
b7H00OUf1lA 2016-02-07 6 1 0 0 1 45 19 15 2 2
b7H00OUf1lA 2016-02-08 3 1 0 0 1 51 22 16 3 3
b7H00OUf1lA 2016-02-09 5 1 1 0 0 47 16 12 1 3
b7H00OUf1lA 2016-02-10 1 0 0 0 0 42 16 9 1 6
b7H00OUf1lA 2016-02-11 2 0 0 0 0 43 14 6 3 5
b7H00OUf1lA 2016-02-12 2 0 0 0 0 38 6 4 0 2
b7H00OUf1lA 2016-02-13 0 0 0 0 0 51 16 10 2 4
b7H00OUf1lA 2016-02-14 0 0 0 0 0 42 13 6 6 1
b7H00OUf1lA 2016-02-15 3 2 1 0 1 38 19 14 3 2
b7H00OUf1lA 2016-02-16 4 1 1 0 0 31 9 3 1 5
b7H00OUf1lA 2016-02-17 7 2 0 1 1 52 13 7 1 5
b7H00OUf1lA 2016-02-18 1 1 0 0 1 62 17 7 3 7
b7H00OUf1lA 2016-02-19 1 1 1 0 0 47 12 6 1 5
b7H00OUf1lA 2016-02-20 0 0 0 0 0 52 19 9 0 10
b7H00OUf1lA 2016-02-21 0 0 0 0 0 61 22 15 0 7
b7H00OUf1lA 2016-02-22 4 1 1 0 0 54 17 10 3 4
b7H00OUf1lA 2016-02-23 3 2 0 0 2 54 20 17 1 2
b7H00OUf1lA 2016-02-24 3 0 0 0 0 52 14 8 4 2
b7H00OUf1lA 2016-02-25 3 0 0 0 0 69 22 13 4 5
b7H00OUf1lA 2016-02-26 11 3 0 1 2 41 10 7 1 2
b7H00OUf1lA 2016-02-27 2 0 0 0 0 37 8 5 0 3
b7H00OUf1lA 2016-02-28 4 0 0 0 0 46 17 9 2 6
b7H00OUf1lA 2016-02-29 1 0 0 0 0 42 14 7 2 5
b7H00OUf1lA 2016-03-01 7 3 0 0 3 54 22 10 1 11
b7H00OUf1lA 2016-03-02 0 0 0 0 0 50 13 8 4 1
b7H00OUf1lA 2016-03-03 0 0 0 0 0 65 29 15 4 10
b7H00OUf1lA 2016-03-04 3 3 3 0 0 48 19 9 5 5
b7H00OUf1lA 2016-03-05 2 1 1 0 0 86 35 21 1 13
b7H00OUf1lA 2016-03-06 4 1 0 0 1 50 17 10 2 5
b7H00OUf1lA 2016-03-07 1 1 1 0 0 63 28 18 4 6
b7H00OUf1lA 2016-03-08 5 4 3 0 1 49 13 10 2 1
b7H00OUf1lA 2016-03-09 1 0 0 0 0 39 14 4 4 6
b7H00OUf1lA 2016-03-10 1 0 0 0 0 47 19 12 2 5
b7H00OUf1lA 2016-03-11 4 2 0 0 2 55 21 10 1 10
b7H00OUf1lA 2016-03-12 1 0 0 0 0 55 17 8 2 7
b7H00OUf1lA 2016-03-13 4 4 1 1 2 58 17 11 0 6
b7H00OUf1lA 2016-03-14 5 1 1 0 0 44 15 8 0 7
b7H00OUf1lA 2016-03-15 0 0 0 0 0 57 22 12 3 7
b7H00OUf1lA 2016-03-16 5 2 1 0 1 59 26 12 4 10
b7H00OUf1lA 2016-03-17 6 1 0 0 1 63 22 15 2 5
b7H00OUf1lA 2016-03-18 5 2 1 1 0 52 20 11 1 8
b7H00OUf1lA 2016-03-19 3 2 0 1 1 46 9 7 0 2
b7H00OUf1lA 2016-03-20 6 5 3 1 1 53 16 9 2 5
b7H00OUf1lA 2016-03-21 4 1 0 0 1 47 9 5 0 4
b7H00OUf1lA 2016-03-22 1 1 0 0 1 32 16 13 0 3
b7H00OUf1lA 2016-03-23 4 3 2 1 0 49 18 13 3 2
b7H00OUf1lA 2016-03-24 3 1 0 0 1 66 22 8 3 11
b7H00OUf1lA 2016-03-25 7 4 3 1 0 39 13 8 3 2
b7H00OUf1lA 2016-03-26 6 3 2 1 0 32 10 5 4 1
b7H00OUf1lA 2016-03-27 0 0 0 0 0 46 16 5 1 10
b7H00OUf1lA 2016-03-28 3 1 0 0 1 61 19 11 1 7
b7H00OUf1lA 2016-03-29 2 1 1 0 0 50 16 6 6 4
b7H00OUf1lA 2016-03-30 0 0 0 0 0 49 10 8 0 2
b7H00OUf1lA 2016-03-31 0 0 0 0 0 56 19 14 2 3
b7H00OUf1lA 2016-04-01 3 1 1 0 0 77 22 10 5 7
b7H00OUf1lA 2016-04-02 5 4 3 1 0 54 17 10 1 6
b7H00OUf1lA 2016-04-03 0 0 0 0 0 59 22 17 0 5
b7H00OUf1lA 2016-04-04 1 1 0 0 1 43 19 13 1 5
b7H00OUf1lA 2016-04-05 1 0 0 0 0 40 18 9 3 6
b7H00OUf1lA 2016-04-06 2 0 0 0 0 46 11 8 1 2
b7H00OUf1lA 2016-04-07 1 1 1 0 0 49 9 8 0 1
b7H00OUf1lA 2016-04-08 0 0 0 0 0 86 19 6 2 11
b7H00OUf1lA 2016-04-09 0 0 0 0 0 50 23 20 0 3
b7H00OUf1lA 2016-04-10 2 0 0 0 0 67 15 11 1 3
b7H00OUf1lA 2016-04-11 1 0 0 0 0 64 18 11 3 4
b7H00OUf1lA 2016-04-12 3 1 1 0 0 70 19 11 2 6
b7H00OUf1lA 2016-04-13 0 0 0 0 0 62 17 12 2 3
b7H00OUf1lA 2016-04-14 1 0 0 0 0 69 27 16 0 11
b7H00OUf1lA 2016-04-15 0 0 0 0 0 43 9 6 1 2
b7H00OUf1lA 2016-04-16 3 2 1 1 0 72 19 17 1 1
b7H00OUf1lA 2016-04-17 1 0 0 0 0 55 10 8 0 2
b7H00OUf1lA 2016-04-18 3 2 0 1 1 63 20 15 1 4
b7H00OUf1lA 2016-04-19 3 2 1 1 0 83 33 24 1 8
b7H00OUf1lA 2016-04-20 0 0 0 0 0 48 16 6 1 9
b7H00OUf1lA 2016-04-21 1 1 1 0 0 51 17 11 2 4
b7H00OUf1lA 2016-04-22 7 2 0 1 1 63 17 12 1 4
b7H00OUf1lA 2016-04-23 0 0 0 0 0 72 11 7 3 1
b7H00OUf1lA 2016-04-24 1 1 0 0 1 72 21 11 2 8
b7H00OUf1lA 2016-04-25 0 0 0 0 0 63 12 10 1 1
b7H00OUf1lA 2016-04-26 1 0 0 0 0 64 17 11 0 6
b7H00OUf1lA 2016-04-27 3 1 1 0 0 60 27 17 1 9
b7H00OUf1lA 2016-04-28 1 0 0 0 0 111 40 26 4 10
b7H00OUf1lA 2016-04-29 1 0 0 0 0 80 21 16 2 3
b7H00OUf1lA 2016-04-30 3 1 1 0 0 57 19 10 5 4
b7H00OUf1lA 2016-05-01 3 0 0 0 0 87 24 21 2 1
b7H00OUf1lA 2016-05-02 0 0 0 0 0 89 20 14 3 3
b7H00OUf1lA 2016-05-03 0 0 0 0 0 64 23 18 3 2
b7H00OUf1lA 2016-05-04 1 0 0 0 0 71 23 15 1 7
b7H00OUf1lA 2016-05-05 0 0 0 0 0 46 12 7 1 4
b7H00OUf1lA 2016-05-06 0 0 0 0 0 76 25 17 3 5
b7H00OUf1lA 2016-05-07 1 1 1 0 0 70 21 15 1 5
b7H00OUf1lA 2016-05-08 1 1 0 1 0 130 57 40 4 13
b7H00OUf1lA 2016-05-09 0 0 0 0 0 93 40 34 5 1
b7H00OUf1lA 2016-05-10 0 0 0 0 0 76 26 20 1 5
b7H00OUf1lA 2016-05-11 0 0 0 0 0 81 23 15 2 6
b7H00OUf1lA 2016-05-12 3 1 1 0 0 134 35 27 1 7
b7H00OUf1lA 2016-05-13 0 0 0 0 0 85 22 16 1 5
b7H00OUf1lA 2016-05-14 0 0 0 0 0 96 19 12 2 5
b7H00OUf1lA 2016-05-15 2 0 0 0 0 90 24 14 3 7
b7H00OUf1lA 2016-05-16 0 0 0 0 0 70 24 14 2 8
b7H00OUf1lA 2016-05-17 0 0 0 0 0 74 18 13 0 5
b7H00OUf1lA 2016-05-18 9 3 1 0 2 106 31 25 1 5
b7H00OUf1lA 2016-05-19 6 2 2 0 0 74 21 13 2 6
b7H00OUf1lA 2016-05-20 7 5 3 0 2 89 28 18 3 7
b7H00OUf1lA 2016-05-21 6 1 1 0 0 92 34 19 2 13
b7H00OUf1lA 2016-05-22 8 0 0 0 0 100 23 12 2 9
b7H00OUf1lA 2016-05-23 6 1 1 0 0 105 38 23 2 13
b7H00OUf1lA 2016-05-24 2 1 0 0 1 73 31 11 6 14
b7H00OUf1lA 2016-05-25 19 9 1 0 8 118 27 16 2 9
b7H00OUf1lA 2016-05-26 3 1 0 0 1 94 19 12 3 4
b7H00OUf1lA 2016-05-27 4 1 1 0 0 83 18 13 4 1
b7H00OUf1lA 2016-05-28 13 8 6 0 2 87 32 17 2 13
b7H00OUf1lA 2016-05-29 1 1 1 0 0 87 22 14 1 7
b7H00OUf1lA 2016-05-30 5 4 2 0 2 94 29 16 1 12
b7H00OUf1lA 2016-05-31 15 6 2 2 2 66 25 12 1 12
b7H00OUf1lA 2016-06-01 2 0 0 0 0 92 28 18 4 6
b7H00OUf1lA 2016-06-02 15 9 7 0 2 107 34 24 1 9
b7H00OUf1lA 2016-06-03 2 1 0 0 1 74 22 13 0 9
b7H00OUf1lA 2016-06-04 6 3 2 0 1 113 37 25 6 6
b7H00OUf1lA 2016-06-05 1 0 0 0 0 84 30 18 2 10
b7H00OUf1lA 2016-06-06 10 3 2 0 1 112 31 19 2 10
b7H00OUf1lA 2016-06-07 1 0 0 0 0 84 26 19 1 6
b7H00OUf1lA 2016-06-08 6 1 0 0 1 90 32 21 0 11
b7H00OUf1lA 2016-06-09 1 0 0 0 0 96 29 17 1 11
b7H00OUf1lA 2016-06-10 11 0 0 0 0 92 29 18 2 9
b7H00OUf1lA 2016-06-11 6 4 1 0 3 150 43 30 4 9
b7H00OUf1lA 2016-06-12 7 2 1 0 1 116 36 24 2 10
b7H00OUf1lA 2016-06-13 6 5 5 0 0 144 54 31 4 19
b7H00OUf1lA 2016-06-14 10 5 2 2 1 145 57 25 8 24
b7H00OUf1lA 2016-06-15 14 8 5 1 2 109 38 24 1 13
b7H00OUf1lA 2016-06-16 10 7 4 0 3 101 34 17 2 15
b7H00OUf1lA 2016-06-17 4 4 2 1 1 104 26 15 2 9
b7H00OUf1lA 2016-06-18 6 4 3 0 1 127 43 24 6 13
b7H00OUf1lA 2016-06-19 7 4 4 0 0 116 42 22 6 14
b7H00OUf1lA 2016-06-20 19 3 0 1 2 132 42 26 7 9
b7H00OUf1lA 2016-06-21 8 5 3 1 1 119 32 24 1 7
b7H00OUf1lA 2016-06-22 6 2 2 0 0 112 31 18 3 10
b7H00OUf1lA 2016-06-23 7 3 2 0 1 140 56 30 8 18
b7H00OUf1lA 2016-06-24 12 7 3 0 4 146 58 42 7 9
b7H00OUf1lA 2016-06-25 8 1 1 0 0 125 46 25 2 19
b7H00OUf1lA 2016-06-26 4 1 0 0 1 87 38 17 3 18
b7H00OUf1lA 2016-06-27 15 1 1 0 0 78 23 16 2 5
b7H00OUf1lA 2016-06-28 14 6 2 0 4 134 46 21 1 24
b7H00OUf1lA 2016-06-29 12 4 2 2 0 105 28 15 1 12
b7H00OUf1lA 2016-06-30 6 2 1 1 0 96 45 28 4 13
b7H00OUf1lA 2016-07-01 11 2 1 0 1 139 39 21 3 15
b7H00OUf1lA 2016-07-02 0 0 0 0 0 114 40 23 6 11
b7H00OUf1lA 2016-07-03 10 3 1 0 2 108 41 23 8 10
b7H00OUf1lA 2016-07-04 12 3 1 1 1 133 40 24 2 14
b7H00OUf1lA 2016-07-05 26 15 11 0 4 150 58 26 5 27
b7H00OUf1lA 2016-07-06 9 4 3 1 0 119 43 30 4 9
b7H00OUf1lA 2016-07-07 21 6 4 0 2 100 27 18 0 9
b7H00OUf1lA 2016-07-08 12 5 3 0 2 149 74 55 0 19
b7H00OUf1lA 2016-07-09 10 7 7 0 0 97 35 23 4 8
b7H00OUf1lA 2016-07-10 9 4 2 0 2 103 40 27 3 10
b7H00OUf1lA 2016-07-11 28 8 6 0 2 148 66 31 9 26
b7H00OUf1lA 2016-07-12 26 15 10 3 2 151 48 30 4 14
b7H00OUf1lA 2016-07-13 7 3 2 0 1 103 31 17 3 11
b7H00OUf1lA 2016-07-14 11 5 2 3 0 140 52 37 9 6
b7H00OUf1lA 2016-07-15 11 4 2 0 2 101 39 26 4 9
b7H00OUf1lA 2016-07-16 2 1 1 0 0 131 48 31 3 14
b7H00OUf1lA 2016-07-17 14 4 3 0 1 138 45 33 4 8
b7H00OUf1lA 2016-07-18 9 4 2 0 2 120 39 25 5 9
b7H00OUf1lA 2016-07-19 12 8 5 0 3 125 42 26 3 13
b7H00OUf1lA 2016-07-20 19 9 6 0 3 101 29 20 2 7
b7H00OUf1lA 2016-07-21 11 2 2 0 0 146 47 28 3 16
b7H00OUf1lA 2016-07-22 12 2 1 0 1 127 44 24 5 15
b7H00OUf1lA 2016-07-23 4 1 1 0 0 183 83 49 3 31
b7H00OUf1lA 2016-07-24 13 5 5 0 0 145 48 24 10 14
b7H00OUf1lA 2016-07-25 6 0 0 0 0 150 61 49 3 9
b7H00OUf1lA 2016-07-26 12 3 1 1 1 140 54 35 5 14
b7H00OUf1lA 2016-07-27 13 5 5 0 0 128 57 30 8 19
b7H00OUf1lA 2016-07-28 11 7 4 0 3 181 58 36 5 17
b7H00OUf1lA 2016-07-29 14 3 1 0 2 223 82 56 6 20
b7H00OUf1lA 2016-07-30 7 1 1 0 0 221 81 44 5 32
b7H00OUf1lA 2016-07-31 11 3 1 0 2 274 83 58 4 21
b7H00OUf1lA 2016-08-01 5 3 2 0 1 241 79 52 6 21
