video date target_total target_isis target_happy target_sad target_angry total isis happy sad angry
ilqKn1BuS-s 2015-06-01 12 3 3 0 0 625 194 132 11 51
ilqKn1BuS-s 2015-06-02 3 0 0 0 0 572 163 116 13 34
ilqKn1BuS-s 2015-06-03 3 0 0 0 0 642 178 140 7 31
ilqKn1BuS-s 2015-06-04 7 3 3 0 0 645 162 110 14 38
ilqKn1BuS-s 2015-06-05 9 4 2 0 2 731 199 132 8 59
ilqKn1BuS-s 2015-06-06 15 2 2 0 0 635 193 133 15 45
ilqKn1BuS-s 2015-06-07 8 4 3 0 1 663 196 149 8 39
ilqKn1BuS-s 2015-06-08 1 0 0 0 0 649 170 130 12 28
ilqKn1BuS-s 2015-06-09 8 2 2 0 0 728 226 169 7 50
ilqKn1BuS-s 2015-06-10 12 1 1 0 0 711 228 142 17 69
ilqKn1BuS-s 2015-06-11 7 2 2 0 0 702 204 141 18 45
ilqKn1BuS-s 2015-06-12 1 1 1 0 0 668 188 134 11 43
ilqKn1BuS-s 2015-06-13 13 4 2 0 2 758 213 158 16 39
ilqKn1BuS-s 2015-06-14 7 3 3 0 0 641 169 139 9 21
ilqKn1BuS-s 2015-06-15 9 1 1 0 0 613 163 123 8 32
ilqKn1BuS-s 2015-06-16 4 0 0 0 0 668 180 123 16 41
ilqKn1BuS-s 2015-06-17 14 1 1 0 0 721 209 150 13 46
ilqKn1BuS-s 2015-06-18 9 7 7 0 0 772 218 133 22 63
ilqKn1BuS-s 2015-06-19 13 2 1 1 0 870 234 165 13 56
ilqKn1BuS-s 2015-06-20 10 1 1 0 0 883 271 182 23 66
ilqKn1BuS-s 2015-06-21 7 0 0 0 0 977 332 224 20 88
ilqKn1BuS-s 2015-06-22 10 0 0 0 0 807 282 207 22 53
ilqKn1BuS-s 2015-06-23 7 2 2 0 0 745 234 174 14 46
ilqKn1BuS-s 2015-06-24 11 0 0 0 0 827 230 147 12 71
ilqKn1BuS-s 2015-06-25 18 12 3 0 9 802 251 196 17 38
ilqKn1BuS-s 2015-06-26 5 1 1 0 0 722 247 163 28 56
ilqKn1BuS-s 2015-06-27 9 2 1 0 1 670 184 129 14 41
ilqKn1BuS-s 2015-06-28 9 1 0 1 0 803 258 193 9 56
ilqKn1BuS-s 2015-06-29 8 1 1 0 0 752 200 134 11 55
ilqKn1BuS-s 2015-06-30 13 2 0 1 1 726 197 147 10 40
ilqKn1BuS-s 2015-07-01 13 5 4 0 1 829 218 148 20 50
ilqKn1BuS-s 2015-07-02 9 3 3 0 0 790 220 150 25 45
ilqKn1BuS-s 2015-07-03 8 2 2 0 0 767 239 148 18 73
ilqKn1BuS-s 2015-07-04 9 1 1 0 0 785 215 147 14 54
ilqKn1BuS-s 2015-07-05 9 3 2 0 1 865 257 170 23 64
ilqKn1BuS-s 2015-07-06 6 3 2 0 1 936 217 156 18 43
ilqKn1BuS-s 2015-07-07 9 3 3 0 0 753 207 147 22 38
ilqKn1BuS-s 2015-07-08 2 0 0 0 0 754 226 148 21 57
ilqKn1BuS-s 2015-07-09 7 3 1 2 0 642 150 110 16 24
ilqKn1BuS-s 2015-07-10 7 3 3 0 0 768 213 154 20 39
ilqKn1BuS-s 2015-07-11 10 4 2 0 2 805 230 157 21 52
ilqKn1BuS-s 2015-07-12 8 3 3 0 0 855 238 169 17 52
ilqKn1BuS-s 2015-07-13 16 2 2 0 0 776 231 167 19 45
ilqKn1BuS-s 2015-07-14 13 0 0 0 0 780 249 163 24 62
ilqKn1BuS-s 2015-07-15 10 2 2 0 0 802 232 167 16 49
ilqKn1BuS-s 2015-07-16 9 1 1 0 0 647 181 130 10 41
ilqKn1BuS-s 2015-07-17 9 3 2 0 1 618 173 120 13 40
ilqKn1BuS-s 2015-07-18 6 3 3 0 0 697 185 135 14 36
ilqKn1BuS-s 2015-07-19 9 2 1 1 0 683 210 160 8 42
ilqKn1BuS-s 2015-07-20 6 4 1 1 2 745 236 159 18 59
ilqKn1BuS-s 2015-07-21 11 6 6 0 0 681 202 147 14 41
ilqKn1BuS-s 2015-07-22 12 7 6 0 1 711 217 151 21 45
ilqKn1BuS-s 2015-07-23 8 0 0 0 0 686 223 145 18 60
ilqKn1BuS-s 2015-07-24 6 1 0 1 0 679 196 139 15 42
ilqKn1BuS-s 2015-07-25 5 2 0 0 2 722 209 160 15 34
ilqKn1BuS-s 2015-07-26 8 4 3 0 1 741 254 195 10 49
ilqKn1BuS-s 2015-07-27 14 4 2 0 2 797 231 180 11 40
ilqKn1BuS-s 2015-07-28 3 0 0 0 0 754 241 177 15 49
ilqKn1BuS-s 2015-07-29 26 2 2 0 0 661 194 150 13 31
ilqKn1BuS-s 2015-07-30 20 8 4 0 4 639 190 138 15 37
ilqKn1BuS-s 2015-07-31 12 2 2 0 0 642 165 132 10 23
ilqKn1BuS-s 2015-08-01 7 0 0 0 0 720 207 141 10 56
ilqKn1BuS-s 2015-08-02 13 5 5 0 0 720 245 198 13 34
ilqKn1BuS-s 2015-08-03 16 3 2 0 1 780 230 173 10 47
ilqKn1BuS-s 2015-08-04 10 1 1 0 0 757 215 161 9 45
ilqKn1BuS-s 2015-08-05 22 5 5 0 0 756 248 184 11 53
ilqKn1BuS-s 2015-08-06 11 6 4 0 2 699 193 144 12 37
ilqKn1BuS-s 2015-08-07 9 3 1 0 2 640 168 122 12 34
ilqKn1BuS-s 2015-08-08 8 4 1 0 3 707 184 135 10 39
ilqKn1BuS-s 2015-08-09 2 0 0 0 0 784 267 209 16 42
ilqKn1BuS-s 2015-08-10 6 2 2 0 0 698 228 179 11 38
ilqKn1BuS-s 2015-08-11 15 3 1 0 2 717 220 162 10 48
ilqKn1BuS-s 2015-08-12 13 2 0 0 2 682 197 152 10 35
ilqKn1BuS-s 2015-08-13 14 4 4 0 0 697 225 160 16 49
ilqKn1BuS-s 2015-08-14 9 5 3 1 1 715 227 163 12 52
ilqKn1BuS-s 2015-08-15 12 3 3 0 0 740 210 155 14 41
ilqKn1BuS-s 2015-08-16 9 1 1 0 0 794 224 169 15 40
ilqKn1BuS-s 2015-08-17 6 2 1 0 1 753 248 195 13 40
ilqKn1BuS-s 2015-08-18 12 5 3 1 1 739 214 159 11 44
ilqKn1BuS-s 2015-08-19 12 2 2 0 0 770 222 151 8 63
ilqKn1BuS-s 2015-08-20 13 3 1 1 1 717 216 146 21 49
ilqKn1BuS-s 2015-08-21 10 3 3 0 0 748 242 180 16 46
ilqKn1BuS-s 2015-08-22 10 3 3 0 0 654 179 139 11 29
ilqKn1BuS-s 2015-08-23 12 2 1 1 0 705 199 142 13 44
ilqKn1BuS-s 2015-08-24 12 3 1 1 1 748 205 152 15 38
ilqKn1BuS-s 2015-08-25 8 2 1 0 1 800 224 180 8 36
ilqKn1BuS-s 2015-08-26 9 4 4 0 0 778 222 165 10 47
ilqKn1BuS-s 2015-08-27 17 7 6 0 1 723 195 143 12 40
ilqKn1BuS-s 2015-08-28 19 6 6 0 0 768 212 139 24 49
ilqKn1BuS-s 2015-08-29 14 4 3 0 1 747 209 149 7 53
ilqKn1BuS-s 2015-08-30 17 10 9 0 1 730 199 138 11 50
ilqKn1BuS-s 2015-08-31 15 3 2 0 1 782 218 158 19 41
ilqKn1BuS-s 2015-09-01 9 4 2 1 1 653 174 126 11 37
ilqKn1BuS-s 2015-09-02 6 2 1 1 0 753 189 132 15 42
ilqKn1BuS-s 2015-09-03 13 5 4 0 1 751 210 169 7 34
ilqKn1BuS-s 2015-09-04 10 3 3 0 0 785 221 151 15 55
ilqKn1BuS-s 2015-09-05 16 7 7 0 0 726 206 134 14 58
ilqKn1BuS-s 2015-09-06 6 2 2 0 0 787 236 153 10 73
ilqKn1BuS-s 2015-09-07 12 6 4 0 2 727 210 137 14 59
ilqKn1BuS-s 2015-09-08 5 5 5 0 0 720 223 169 11 43
ilqKn1BuS-s 2015-09-09 6 1 1 0 0 724 214 140 12 62
ilqKn1BuS-s 2015-09-10 8 2 2 0 0 618 167 116 8 43
ilqKn1BuS-s 2015-09-11 13 4 4 0 0 703 199 148 16 35
ilqKn1BuS-s 2015-09-12 18 7 4 0 3 744 212 156 17 39
ilqKn1BuS-s 2015-09-13 17 2 2 0 0 858 272 209 10 53
ilqKn1BuS-s 2015-09-14 5 1 1 0 0 771 216 153 7 56
ilqKn1BuS-s 2015-09-15 13 5 4 0 1 698 231 149 16 66
ilqKn1BuS-s 2015-09-16 17 7 7 0 0 648 201 136 16 49
ilqKn1BuS-s 2015-09-17 19 5 5 0 0 747 214 147 12 55
ilqKn1BuS-s 2015-09-18 4 0 0 0 0 757 244 169 18 57
ilqKn1BuS-s 2015-09-19 15 3 2 0 1 845 235 175 11 49
ilqKn1BuS-s 2015-09-20 13 5 3 1 1 796 234 173 11 50
ilqKn1BuS-s 2015-09-21 8 3 3 0 0 809 235 177 7 51
ilqKn1BuS-s 2015-09-22 20 5 3 1 1 664 180 139 12 29
ilqKn1BuS-s 2015-09-23 11 7 5 0 2 659 206 161 8 37
ilqKn1BuS-s 2015-09-24 19 5 1 2 2 592 171 117 8 46
ilqKn1BuS-s 2015-09-25 21 5 2 1 2 696 212 152 21 39
ilqKn1BuS-s 2015-09-26 17 5 3 0 2 690 227 167 19 41
ilqKn1BuS-s 2015-09-27 23 3 3 0 0 751 219 165 7 47
ilqKn1BuS-s 2015-09-28 18 3 3 0 0 730 224 147 22 55
ilqKn1BuS-s 2015-09-29 8 2 2 0 0 671 193 145 12 36
ilqKn1BuS-s 2015-09-30 20 5 4 0 1 655 176 126 14 36
ilqKn1BuS-s 2015-10-01 18 4 4 0 0 641 142 98 6 38
ilqKn1BuS-s 2015-10-02 15 2 1 0 1 700 184 135 8 41
ilqKn1BuS-s 2015-10-03 22 3 1 0 2 784 238 172 13 53
ilqKn1BuS-s 2015-10-04 15 2 1 0 1 698 204 140 13 51
ilqKn1BuS-s 2015-10-05 26 4 3 0 1 714 174 124 13 37
ilqKn1BuS-s 2015-10-06 23 4 1 2 1 708 196 134 17 45
ilqKn1BuS-s 2015-10-07 19 5 3 0 2 752 243 170 10 63
ilqKn1BuS-s 2015-10-08 22 6 4 1 1 704 221 158 15 48
ilqKn1BuS-s 2015-10-09 20 4 1 0 3 700 238 156 20 62
ilqKn1BuS-s 2015-10-10 22 8 6 1 1 821 221 154 13 54
ilqKn1BuS-s 2015-10-11 14 1 1 0 0 791 238 166 17 55
ilqKn1BuS-s 2015-10-12 22 5 4 1 0 759 211 156 14 41
ilqKn1BuS-s 2015-10-13 16 3 1 0 2 824 246 190 7 49
ilqKn1BuS-s 2015-10-14 14 3 3 0 0 759 219 154 14 51
ilqKn1BuS-s 2015-10-15 28 12 12 0 0 835 267 187 12 68
ilqKn1BuS-s 2015-10-16 22 7 5 1 1 752 206 142 8 56
ilqKn1BuS-s 2015-10-17 18 5 3 1 1 864 252 172 23 57
ilqKn1BuS-s 2015-10-18 28 13 7 2 4 882 263 194 12 57
ilqKn1BuS-s 2015-10-19 27 5 2 0 3 849 271 214 13 44
ilqKn1BuS-s 2015-10-20 24 5 3 0 2 744 199 130 19 50
ilqKn1BuS-s 2015-10-21 27 7 5 0 2 773 207 162 11 34
ilqKn1BuS-s 2015-10-22 16 6 5 0 1 726 183 127 14 42
ilqKn1BuS-s 2015-10-23 11 0 0 0 0 955 248 186 17 45
ilqKn1BuS-s 2015-10-24 27 8 7 0 1 913 250 171 14 65
ilqKn1BuS-s 2015-10-25 19 3 2 1 0 872 231 171 9 51
ilqKn1BuS-s 2015-10-26 28 8 5 1 2 802 196 136 6 54
ilqKn1BuS-s 2015-10-27 24 8 5 1 2 730 229 161 11 57
ilqKn1BuS-s 2015-10-28 36 11 6 0 5 797 215 155 7 53
ilqKn1BuS-s 2015-10-29 21 5 2 0 3 776 236 180 10 46
ilqKn1BuS-s 2015-10-30 24 6 5 0 1 841 217 159 14 44
ilqKn1BuS-s 2015-10-31 43 8 6 0 2 884 270 196 25 49
ilqKn1BuS-s 2015-11-01 31 8 5 1 2 866 254 193 10 51
ilqKn1BuS-s 2015-11-02 30 15 7 2 6 734 215 170 10 35
ilqKn1BuS-s 2015-11-03 27 4 3 0 1 761 205 153 21 31
ilqKn1BuS-s 2015-11-04 32 3 1 0 2 723 230 161 16 53
ilqKn1BuS-s 2015-11-05 51 9 6 2 1 847 289 213 23 53
ilqKn1BuS-s 2015-11-06 57 15 4 3 8 939 282 195 20 67
ilqKn1BuS-s 2015-11-07 44 7 2 2 3 927 266 190 19 57
ilqKn1BuS-s 2015-11-08 47 14 6 2 6 910 271 204 19 48
ilqKn1BuS-s 2015-11-09 27 6 2 2 2 887 228 176 12 40
ilqKn1BuS-s 2015-11-10 35 3 2 0 1 770 208 150 15 43
ilqKn1BuS-s 2015-11-11 35 8 1 5 2 847 220 168 8 44
ilqKn1BuS-s 2015-11-12 36 9 5 0 4 876 212 156 11 45
ilqKn1BuS-s 2015-11-13 30 10 4 1 5 885 239 173 10 56
ilqKn1BuS-s 2015-11-14 43 10 8 0 2 896 264 192 19 53
ilqKn1BuS-s 2015-11-15 45 11 6 0 5 917 297 221 18 58
ilqKn1BuS-s 2015-11-16 26 7 5 0 2 869 277 207 15 55
ilqKn1BuS-s 2015-11-17 23 3 1 0 2 806 255 188 15 52
ilqKn1BuS-s 2015-11-18 26 7 4 0 3 837 229 161 19 49
ilqKn1BuS-s 2015-11-19 39 10 3 3 4 837 244 166 14 64
ilqKn1BuS-s 2015-11-20 20 6 5 0 1 919 279 207 7 65
ilqKn1BuS-s 2015-11-21 28 9 3 1 5 972 293 202 12 79
ilqKn1BuS-s 2015-11-22 38 7 7 0 0 994 336 249 20 67
ilqKn1BuS-s 2015-11-23 19 6 5 0 1 952 331 251 18 62
ilqKn1BuS-s 2015-11-24 13 7 5 0 2 928 283 207 17 59
ilqKn1BuS-s 2015-11-25 18 5 4 0 1 963 245 178 14 53
ilqKn1BuS-s 2015-11-26 26 6 1 3 2 917 280 192 19 69
ilqKn1BuS-s 2015-11-27 37 13 8 0 5 881 246 175 12 59
ilqKn1BuS-s 2015-11-28 39 4 4 0 0 978 277 197 18 62
ilqKn1BuS-s 2015-11-29 37 10 8 0 2 1006 303 219 16 68
ilqKn1BuS-s 2015-11-30 25 7 5 1 1 868 255 169 17 69
ilqKn1BuS-s 2015-12-01 15 2 1 1 0 894 282 199 16 67
ilqKn1BuS-s 2015-12-02 28 5 3 1 1 933 256 198 12 46
ilqKn1BuS-s 2015-12-03 19 3 1 1 1 875 300 219 18 63
ilqKn1BuS-s 2015-12-04 19 6 4 1 1 983 302 195 22 85
ilqKn1BuS-s 2015-12-05 25 6 4 1 1 1050 328 212 45 71
ilqKn1BuS-s 2015-12-06 28 4 4 0 0 1084 330 221 38 71
ilqKn1BuS-s 2015-12-07 41 10 2 5 3 1000 313 204 31 78
ilqKn1BuS-s 2015-12-08 35 5 4 0 1 853 258 173 21 64
ilqKn1BuS-s 2015-12-09 46 13 8 1 4 1048 333 229 27 77
ilqKn1BuS-s 2015-12-10 39 8 1 0 7 947 322 244 22 56
ilqKn1BuS-s 2015-12-11 43 12 6 2 4 943 290 216 26 48
ilqKn1BuS-s 2015-12-12 30 8 7 0 1 1048 318 235 14 69
ilqKn1BuS-s 2015-12-13 30 9 3 1 5 1144 324 234 16 74
ilqKn1BuS-s 2015-12-14 26 7 3 1 3 1011 294 207 20 67
ilqKn1BuS-s 2015-12-15 45 15 11 2 2 939 285 193 24 68
ilqKn1BuS-s 2015-12-16 44 13 8 3 2 1021 324 242 28 54
ilqKn1BuS-s 2015-12-17 61 16 14 0 2 916 272 193 22 57
ilqKn1BuS-s 2015-12-18 56 12 10 0 2 1078 296 226 9 61
ilqKn1BuS-s 2015-12-19 54 14 6 2 6 1091 336 266 12 58
ilqKn1BuS-s 2015-12-20 77 20 12 2 6 1052 307 212 23 72
ilqKn1BuS-s 2015-12-21 47 18 9 1 8 1004 302 216 15 71
ilqKn1BuS-s 2015-12-22 48 18 14 2 2 1045 335 230 24 81
ilqKn1BuS-s 2015-12-23 59 26 17 1 8 1007 286 191 28 67
ilqKn1BuS-s 2015-12-24 44 13 8 1 4 1100 353 271 15 67
ilqKn1BuS-s 2015-12-25 16 3 1 2 0 1044 289 219 14 56
ilqKn1BuS-s 2015-12-26 45 9 2 2 5 1008 301 206 29 66
ilqKn1BuS-s 2015-12-27 30 6 2 0 4 1009 288 218 13 57
ilqKn1BuS-s 2015-12-28 56 16 7 6 3 1071 339 253 17 69
ilqKn1BuS-s 2015-12-29 56 25 19 2 4 1097 350 242 19 89
ilqKn1BuS-s 2015-12-30 47 14 11 1 2 1042 287 197 25 65
ilqKn1BuS-s 2015-12-31 60 13 12 0 1 1124 329 250 22 57
ilqKn1BuS-s 2016-01-01 41 8 5 1 2 1065 302 216 16 70
ilqKn1BuS-s 2016-01-02 47 11 9 0 2 1200 401 296 23 82
ilqKn1BuS-s 2016-01-03 49 10 6 0 4 1212 377 256 32 89
ilqKn1BuS-s 2016-01-04 33 6 2 1 3 1104 342 230 30 82
ilqKn1BuS-s 2016-01-05 42 10 6 0 4 1052 271 212 17 42
ilqKn1BuS-s 2016-01-06 50 13 9 1 3 1010 295 201 28 66
ilqKn1BuS-s 2016-01-07 44 9 7 0 2 1025 297 200 29 68
ilqKn1BuS-s 2016-01-08 33 11 9 0 2 1136 294 200 19 75
ilqKn1BuS-s 2016-01-09 27 8 4 0 4 1250 345 227 30 88
ilqKn1BuS-s 2016-01-10 53 13 6 2 5 1375 416 322 23 71
ilqKn1BuS-s 2016-01-11 29 6 5 1 0 1081 368 278 18 72
ilqKn1BuS-s 2016-01-12 39 9 6 2 1 1091 324 238 19 67
ilqKn1BuS-s 2016-01-13 37 11 5 0 6 1036 298 212 23 63
ilqKn1BuS-s 2016-01-14 34 6 2 1 3 973 281 190 21 70
ilqKn1BuS-s 2016-01-15 57 12 7 1 4 1020 286 205 20 61
ilqKn1BuS-s 2016-01-16 70 12 8 0 4 1305 358 270 22 66
ilqKn1BuS-s 2016-01-17 84 13 10 0 3 1257 358 255 21 82
ilqKn1BuS-s 2016-01-18 279 33 27 0 6 1379 353 270 23 60
ilqKn1BuS-s 2016-01-19 88 17 10 1 6 958 277 201 18 58
ilqKn1BuS-s 2016-01-20 139 8 7 1 0 1070 301 223 22 56
ilqKn1BuS-s 2016-01-21 96 12 10 2 0 1046 307 224 24 59
ilqKn1BuS-s 2016-01-22 219 23 11 6 6 1148 342 237 22 83
ilqKn1BuS-s 2016-01-23 114 19 13 1 5 1308 363 251 27 85
ilqKn1BuS-s 2016-01-24 779 74 54 4 16 1236 384 282 30 72
ilqKn1BuS-s 2016-01-25 107 16 6 1 9 1128 304 211 19 74
ilqKn1BuS-s 2016-01-26 105 29 21 2 6 1153 338 248 22 68
ilqKn1BuS-s 2016-01-27 117 15 13 1 1 1018 303 230 19 54
ilqKn1BuS-s 2016-01-28 73 19 12 3 4 1032 263 190 18 55
ilqKn1BuS-s 2016-01-29 116 24 12 0 12 1100 383 298 19 66
ilqKn1BuS-s 2016-01-30 105 14 9 0 5 1191 356 268 24 64
ilqKn1BuS-s 2016-01-31 96 26 17 3 6 1257 396 303 16 77
ilqKn1BuS-s 2016-02-01 69 22 11 2 9 1183 348 256 17 75
ilqKn1BuS-s 2016-02-02 94 21 10 3 8 1216 391 288 19 84
ilqKn1BuS-s 2016-02-03 89 23 13 1 9 1095 332 236 20 76
ilqKn1BuS-s 2016-02-04 107 19 11 3 5 1154 369 293 26 50
ilqKn1BuS-s 2016-02-05 88 23 11 4 8 1163 369 276 21 72
ilqKn1BuS-s 2016-02-06 129 38 24 2 12 1352 384 287 22 75
ilqKn1BuS-s 2016-02-07 84 13 10 0 3 1204 371 259 19 93
ilqKn1BuS-s 2016-02-08 99 30 21 2 7 1169 363 257 15 91
ilqKn1BuS-s 2016-02-09 113 33 14 2 17 1172 385 290 20 75
ilqKn1BuS-s 2016-02-10 96 17 13 0 4 1069 321 223 23 75
ilqKn1BuS-s 2016-02-11 82 27 19 5 3 1137 358 257 25 76
ilqKn1BuS-s 2016-02-12 88 23 11 2 10 1109 337 249 23 65
ilqKn1BuS-s 2016-02-13 84 15 5 1 9 1362 399 271 31 97
ilqKn1BuS-s 2016-02-14 121 14 8 1 5 1355 397 299 30 68
ilqKn1BuS-s 2016-02-15 91 23 10 1 12 1139 334 262 11 61
ilqKn1BuS-s 2016-02-16 78 18 9 3 6 1308 354 264 21 69
ilqKn1BuS-s 2016-02-17 101 17 6 1 10 1198 315 236 25 54
ilqKn1BuS-s 2016-02-18 82 13 10 1 2 1110 314 233 18 63
ilqKn1BuS-s 2016-02-19 87 15 13 0 2 1238 340 259 19 62
ilqKn1BuS-s 2016-02-20 83 17 9 4 4 1340 406 313 29 64
ilqKn1BuS-s 2016-02-21 122 25 18 1 6 1277 374 276 22 76
ilqKn1BuS-s 2016-02-22 103 20 16 1 3 1164 362 272 20 70
ilqKn1BuS-s 2016-02-23 58 14 12 0 2 1131 319 227 17 75
ilqKn1BuS-s 2016-02-24 99 31 11 2 18 1145 369 268 26 75
ilqKn1BuS-s 2016-02-25 91 17 7 2 8 1256 350 255 25 70
ilqKn1BuS-s 2016-02-26 81 16 13 0 3 1190 362 265 27 70
ilqKn1BuS-s 2016-02-27 86 21 14 3 4 1414 420 300 31 89
ilqKn1BuS-s 2016-02-28 123 19 14 1 4 1286 396 282 22 92
ilqKn1BuS-s 2016-02-29 84 12 6 4 2 1226 374 268 17 89
ilqKn1BuS-s 2016-03-01 83 25 17 0 8 1045 278 188 14 76
ilqKn1BuS-s 2016-03-02 89 25 12 7 6 1240 356 244 26 86
ilqKn1BuS-s 2016-03-03 128 37 21 2 14 1197 368 253 32 83
ilqKn1BuS-s 2016-03-04 87 35 26 1 8 1273 359 281 16 62
ilqKn1BuS-s 2016-03-05 87 15 8 0 7 1394 395 292 21 82
ilqKn1BuS-s 2016-03-06 146 27 17 3 7 1239 377 265 43 69
ilqKn1BuS-s 2016-03-07 103 37 23 4 10 1239 390 279 31 80
ilqKn1BuS-s 2016-03-08 77 20 15 2 3 1203 334 223 39 72
ilqKn1BuS-s 2016-03-09 71 32 24 1 7 1169 361 257 27 77
ilqKn1BuS-s 2016-03-10 91 28 15 3 10 1176 398 307 27 64
ilqKn1BuS-s 2016-03-11 71 18 13 1 4 1213 376 268 41 67
ilqKn1BuS-s 2016-03-12 115 32 21 1 10 1327 415 300 23 92
ilqKn1BuS-s 2016-03-13 156 44 28 2 14 1243 431 298 28 105
ilqKn1BuS-s 2016-03-14 129 34 25 0 9 1177 341 251 31 59
ilqKn1BuS-s 2016-03-15 140 37 25 1 11 1157 367 261 28 78
ilqKn1BuS-s 2016-03-16 116 28 16 4 8 1150 333 244 27 62
ilqKn1BuS-s 2016-03-17 96 28 22 1 5 1140 355 270 22 63
ilqKn1BuS-s 2016-03-18 99 30 27 2 1 1182 359 270 27 62
ilqKn1BuS-s 2016-03-19 71 12 5 2 5 1293 396 281 31 84
ilqKn1BuS-s 2016-03-20 78 20 16 2 2 1254 391 275 32 84
ilqKn1BuS-s 2016-03-21 113 26 13 5 8 1324 405 285 23 97
ilqKn1BuS-s 2016-03-22 100 26 18 2 6 1359 409 304 21 84
ilqKn1BuS-s 2016-03-23 106 31 20 0 11 1333 393 294 28 71
ilqKn1BuS-s 2016-03-24 72 21 13 2 6 1331 387 277 34 76
ilqKn1BuS-s 2016-03-25 121 22 11 2 9 1405 446 351 29 66
ilqKn1BuS-s 2016-03-26 110 25 17 1 7 1440 444 312 41 91
ilqKn1BuS-s 2016-03-27 99 26 14 4 8 1466 446 314 26 106
ilqKn1BuS-s 2016-03-28 100 20 16 2 2 1452 465 339 29 97
ilqKn1BuS-s 2016-03-29 90 25 13 3 9 1402 429 326 32 71
ilqKn1BuS-s 2016-03-30 93 26 18 2 6 1353 429 320 34 75
ilqKn1BuS-s 2016-03-31 77 29 16 3 10 1488 452 330 39 83
ilqKn1BuS-s 2016-04-01 131 38 29 3 6 1435 435 322 35 78
ilqKn1BuS-s 2016-04-02 93 29 21 2 6 1556 483 350 47 86
ilqKn1BuS-s 2016-04-03 91 22 15 3 4 1674 417 303 35 79
ilqKn1BuS-s 2016-04-04 113 30 25 2 3 1437 402 289 34 79
ilqKn1BuS-s 2016-04-05 80 27 15 1 11 1394 421 302 42 77
ilqKn1BuS-s 2016-04-06 83 26 15 3 8 1523 478 352 32 94
ilqKn1BuS-s 2016-04-07 120 37 26 2 9 1500 431 340 21 70
ilqKn1BuS-s 2016-04-08 136 32 25 2 5 1462 442 339 20 83
ilqKn1BuS-s 2016-04-09 117 28 16 3 9 1613 471 353 26 92
ilqKn1BuS-s 2016-04-10 108 38 25 3 10 1646 522 380 27 115
ilqKn1BuS-s 2016-04-11 106 25 18 3 4 1544 453 351 29 73
ilqKn1BuS-s 2016-04-12 103 29 23 1 5 1492 494 366 22 106
ilqKn1BuS-s 2016-04-13 92 29 21 3 5 1442 479 356 25 98
ilqKn1BuS-s 2016-04-14 81 16 8 2 6 1565 485 361 31 93
ilqKn1BuS-s 2016-04-15 86 17 12 1 4 1542 453 349 18 86
ilqKn1BuS-s 2016-04-16 100 15 15 0 0 1626 480 339 27 114
ilqKn1BuS-s 2016-04-17 128 38 24 3 11 1644 471 340 37 94
ilqKn1BuS-s 2016-04-18 118 39 29 2 8 1630 455 323 27 105
ilqKn1BuS-s 2016-04-19 99 32 25 2 5 1547 507 369 25 113
ilqKn1BuS-s 2016-04-20 85 19 11 2 6 1532 462 343 20 99
ilqKn1BuS-s 2016-04-21 83 24 20 0 4 1660 504 365 34 105
ilqKn1BuS-s 2016-04-22 91 21 18 1 2 1560 479 342 38 99
ilqKn1BuS-s 2016-04-23 102 26 20 1 5 1776 558 408 36 114
ilqKn1BuS-s 2016-04-24 88 25 19 3 3 1862 577 431 36 110
ilqKn1BuS-s 2016-04-25 94 31 17 7 7 1779 527 381 28 118
ilqKn1BuS-s 2016-04-26 100 35 28 2 5 1691 511 384 31 96
ilqKn1BuS-s 2016-04-27 82 27 22 2 3 1646 552 391 45 116
ilqKn1BuS-s 2016-04-28 100 25 20 2 3 1674 506 365 43 98
ilqKn1BuS-s 2016-04-29 93 17 11 2 4 1783 522 386 37 99
ilqKn1BuS-s 2016-04-30 107 27 19 0 8 1904 582 436 32 114
ilqKn1BuS-s 2016-05-01 95 22 16 3 3 2087 566 426 34 106
ilqKn1BuS-s 2016-05-02 105 41 28 2 11 1766 515 388 22 105
ilqKn1BuS-s 2016-05-03 112 20 17 1 2 1709 516 385 37 94
ilqKn1BuS-s 2016-05-04 72 22 18 2 2 1799 583 439 21 123
ilqKn1BuS-s 2016-05-05 125 38 30 4 4 1715 533 360 45 128
ilqKn1BuS-s 2016-05-06 102 35 25 5 5 1783 540 394 33 113
ilqKn1BuS-s 2016-05-07 144 59 39 3 17 1880 621 476 34 111
ilqKn1BuS-s 2016-05-08 112 41 24 3 14 1997 643 472 29 142
ilqKn1BuS-s 2016-05-09 136 44 37 0 7 1915 630 440 37 153
ilqKn1BuS-s 2016-05-10 108 42 29 2 11 1876 619 437 38 144
ilqKn1BuS-s 2016-05-11 88 24 20 3 1 1794 575 435 31 109
ilqKn1BuS-s 2016-05-12 69 16 9 3 4 1864 609 455 31 123
ilqKn1BuS-s 2016-05-13 86 31 24 0 7 1965 602 461 38 103
ilqKn1BuS-s 2016-05-14 99 32 30 0 2 1991 596 450 36 110
ilqKn1BuS-s 2016-05-15 101 30 22 2 6 2128 662 505 35 122
ilqKn1BuS-s 2016-05-16 86 31 22 4 5 1983 643 498 26 119
ilqKn1BuS-s 2016-05-17 102 30 23 1 6 1894 589 439 31 119
ilqKn1BuS-s 2016-05-18 83 23 19 0 4 1830 547 417 23 107
ilqKn1BuS-s 2016-05-19 99 34 23 4 7 1909 581 434 39 108
ilqKn1BuS-s 2016-05-20 82 29 22 1 6 1849 564 418 33 113
ilqKn1BuS-s 2016-05-21 116 31 26 1 4 1987 621 463 34 124
ilqKn1BuS-s 2016-05-22 90 34 26 0 8 2139 691 524 45 122
ilqKn1BuS-s 2016-05-23 120 37 28 3 6 1966 650 492 32 126
ilqKn1BuS-s 2016-05-24 78 26 18 3 5 2094 651 499 54 98
ilqKn1BuS-s 2016-05-25 71 25 15 1 9 1902 587 421 41 125
ilqKn1BuS-s 2016-05-26 101 31 24 1 6 1924 574 428 32 114
ilqKn1BuS-s 2016-05-27 115 45 40 3 2 2005 605 451 41 113
ilqKn1BuS-s 2016-05-28 113 34 28 3 3 2189 695 507 44 144
ilqKn1BuS-s 2016-05-29 88 28 21 3 4 2293 728 515 62 151
ilqKn1BuS-s 2016-05-30 99 23 16 0 7 2284 695 518 56 121
ilqKn1BuS-s 2016-05-31 106 32 24 2 6 2185 676 506 34 136
ilqKn1BuS-s 2016-06-01 118 32 27 2 3 2234 718 507 61 150
ilqKn1BuS-s 2016-06-02 107 33 29 2 2 2102 706 542 47 117
ilqKn1BuS-s 2016-06-03 104 37 26 2 9 2277 716 520 54 142
ilqKn1BuS-s 2016-06-04 104 42 28 4 10 2307 805 580 80 145
ilqKn1BuS-s 2016-06-05 125 49 39 2 8 2434 722 533 46 143
ilqKn1BuS-s 2016-06-06 123 39 31 1 7 2165 721 562 46 113
ilqKn1BuS-s 2016-06-07 121 47 33 5 9 2343 772 564 52 156
ilqKn1BuS-s 2016-06-08 84 31 28 1 2 2453 789 603 47 139
ilqKn1BuS-s 2016-06-09 119 36 27 1 8 2397 721 552 39 130
ilqKn1BuS-s 2016-06-10 128 54 40 2 12 2523 785 589 56 140
ilqKn1BuS-s 2016-06-11 117 45 36 1 8 2863 814 601 44 169
ilqKn1BuS-s 2016-06-12 159 46 33 3 10 2919 838 647 49 142
ilqKn1BuS-s 2016-06-13 103 35 26 2 7 2678 799 597 39 163
ilqKn1BuS-s 2016-06-14 118 43 24 3 16 2937 944 694 67 183
ilqKn1BuS-s 2016-06-15 118 43 28 3 12 2855 914 696 66 152
ilqKn1BuS-s 2016-06-16 103 31 24 0 7 2689 878 635 57 186
ilqKn1BuS-s 2016-06-17 137 31 24 3 4 2548 750 562 45 143
ilqKn1BuS-s 2016-06-18 174 50 37 5 8 2926 849 599 57 193
ilqKn1BuS-s 2016-06-19 152 52 44 1 7 2927 964 693 66 205
ilqKn1BuS-s 2016-06-20 139 56 33 4 19 2943 922 692 60 170
ilqKn1BuS-s 2016-06-21 134 48 39 2 7 2843 930 665 53 212
ilqKn1BuS-s 2016-06-22 146 67 45 3 19 2679 935 696 56 183
ilqKn1BuS-s 2016-06-23 141 40 31 1 8 3075 934 704 60 170
ilqKn1BuS-s 2016-06-24 153 51 39 3 9 2619 845 651 31 163
ilqKn1BuS-s 2016-06-25 158 45 37 2 6 2897 892 664 55 173
ilqKn1BuS-s 2016-06-26 168 49 38 4 7 3061 929 662 45 222
ilqKn1BuS-s 2016-06-27 170 45 32 4 9 2933 892 643 55 194
ilqKn1BuS-s 2016-06-28 133 39 27 4 8 2909 968 686 50 232
ilqKn1BuS-s 2016-06-29 126 39 30 4 5 2936 917 680 59 178
ilqKn1BuS-s 2016-06-30 137 45 31 5 9 2809 939 684 52 203
ilqKn1BuS-s 2016-07-01 117 28 23 0 5 2927 939 719 53 167
ilqKn1BuS-s 2016-07-02 156 49 38 1 10 2927 910 672 59 179
ilqKn1BuS-s 2016-07-03 128 49 36 4 9 3134 1047 817 48 182
ilqKn1BuS-s 2016-07-04 159 49 34 2 13 3150 1034 756 53 225
ilqKn1BuS-s 2016-07-05 137 47 29 5 13 3219 999 733 55 211
ilqKn1BuS-s 2016-07-06 111 46 29 2 15 2287 695 494 40 161
ilqKn1BuS-s 2016-07-07 139 42 31 1 10 2537 879 628 54 197
ilqKn1BuS-s 2016-07-08 130 33 26 3 4 2621 924 693 47 184
ilqKn1BuS-s 2016-07-09 121 41 25 4 12 2911 936 652 55 229
ilqKn1BuS-s 2016-07-10 98 39 27 5 7 3158 1046 741 73 232
ilqKn1BuS-s 2016-07-11 134 41 31 1 9 3071 1089 805 58 226
ilqKn1BuS-s 2016-07-12 134 46 40 1 5 3285 1252 974 64 214
ilqKn1BuS-s 2016-07-13 153 40 31 3 6 3133 1077 795 56 226
ilqKn1BuS-s 2016-07-14 161 37 28 1 8 3200 1081 843 59 179
ilqKn1BuS-s 2016-07-15 149 44 36 2 6 3152 1023 764 61 198
ilqKn1BuS-s 2016-07-16 192 78 51 8 19 3219 1084 824 65 195
ilqKn1BuS-s 2016-07-17 152 54 41 2 11 3459 1155 870 53 232
ilqKn1BuS-s 2016-07-18 172 44 29 3 12 3496 1100 823 67 210
ilqKn1BuS-s 2016-07-19 216 88 66 7 15 3320 1086 795 70 221
ilqKn1BuS-s 2016-07-20 169 58 45 1 12 3579 1233 889 72 272
ilqKn1BuS-s 2016-07-21 223 82 60 5 17 3662 1226 869 72 285
ilqKn1BuS-s 2016-07-22 195 69 54 5 10 3774 1212 874 81 257
ilqKn1BuS-s 2016-07-23 184 60 39 7 14 3884 1256 893 76 287
ilqKn1BuS-s 2016-07-24 197 68 46 4 18 3873 1292 966 69 257
ilqKn1BuS-s 2016-07-25 230 77 57 5 15 3715 1286 960 62 264
ilqKn1BuS-s 2016-07-26 241 89 59 3 27 3903 1360 1059 63 238
ilqKn1BuS-s 2016-07-27 243 93 73 5 15 3936 1396 1070 79 247
ilqKn1BuS-s 2016-07-28 231 71 53 4 14 3897 1367 1024 77 266
ilqKn1BuS-s 2016-07-29 210 76 51 5 20 3847 1353 1011 60 282
ilqKn1BuS-s 2016-07-30 264 88 62 5 21 3979 1334 948 67 319
ilqKn1BuS-s 2016-07-31 187 50 32 9 9 3881 1323 1025 67 231
ilqKn1BuS-s 2016-08-01 146 47 37 2 8 4024 1324 974 88 262
