video date target_total target_isis target_happy target_sad target_angry total isis happy sad angry
KtgGDq7tbwk 2015-06-01 0 0 0 0 0 39 21 12 4 5
KtgGDq7tbwk 2015-06-02 0 0 0 0 0 43 17 6 4 7
KtgGDq7tbwk 2015-06-03 0 0 0 0 0 21 5 3 1 1
KtgGDq7tbwk 2015-06-04 0 0 0 0 0 29 7 4 0 3
KtgGDq7tbwk 2015-06-05 1 1 0 0 1 14 4 3 0 1
KtgGDq7tbwk 2015-06-06 0 0 0 0 0 7 2 1 0 1
KtgGDq7tbwk 2015-06-07 0 0 0 0 0 15 5 4 1 0
KtgGDq7tbwk 2015-06-08 0 0 0 0 0 16 6 3 0 3
KtgGDq7tbwk 2015-06-09 1 0 0 0 0 17 2 1 1 0
KtgGDq7tbwk 2015-06-10 1 1 1 0 0 6 3 1 1 1
KtgGDq7tbwk 2015-06-11 0 0 0 0 0 18 1 0 1 0
KtgGDq7tbwk 2015-06-12 0 0 0 0 0 9 4 3 1 0
KtgGDq7tbwk 2015-06-13 0 0 0 0 0 33 10 7 0 3
KtgGDq7tbwk 2015-06-14 0 0 0 0 0 20 16 5 2 9
KtgGDq7tbwk 2015-06-15 6 1 0 1 0 25 5 2 0 3
KtgGDq7tbwk 2015-06-16 1 1 0 0 1 15 6 4 0 2
KtgGDq7tbwk 2015-06-17 0 0 0 0 0 19 6 4 0 2
KtgGDq7tbwk 2015-06-18 0 0 0 0 0 7 2 2 0 0
KtgGDq7tbwk 2015-06-19 11 3 0 0 3 20 7 5 0 2
KtgGDq7tbwk 2015-06-20 6 1 0 0 1 20 8 3 2 3
KtgGDq7tbwk 2015-06-21 1 0 0 0 0 33 9 7 0 2
KtgGDq7tbwk 2015-06-22 2 1 0 0 1 17 6 5 0 1
KtgGDq7tbwk 2015-06-23 1 0 0 0 0 35 11 4 3 4
KtgGDq7tbwk 2015-06-24 0 0 0 0 0 31 8 8 0 0
KtgGDq7tbwk 2015-06-25 0 0 0 0 0 13 4 3 0 1
KtgGDq7tbwk 2015-06-26 0 0 0 0 0 21 11 8 1 2
KtgGDq7tbwk 2015-06-27 1 0 0 0 0 18 1 0 1 0
KtgGDq7tbwk 2015-06-28 4 0 0 0 0 28 11 5 3 3
KtgGDq7tbwk 2015-06-29 1 0 0 0 0 22 8 2 1 5
KtgGDq7tbwk 2015-06-30 0 0 0 0 0 13 6 4 0 2
KtgGDq7tbwk 2015-07-01 2 2 0 1 1 19 9 3 0 6
KtgGDq7tbwk 2015-07-02 0 0 0 0 0 24 3 1 0 2
KtgGDq7tbwk 2015-07-03 0 0 0 0 0 23 4 3 0 1
KtgGDq7tbwk 2015-07-04 1 0 0 0 0 32 3 2 1 0
KtgGDq7tbwk 2015-07-05 1 0 0 0 0 25 5 3 1 1
KtgGDq7tbwk 2015-07-06 2 0 0 0 0 18 8 3 1 4
KtgGDq7tbwk 2015-07-07 0 0 0 0 0 36 10 8 0 2
KtgGDq7tbwk 2015-07-08 0 0 0 0 0 21 4 3 0 1
KtgGDq7tbwk 2015-07-09 0 0 0 0 0 16 7 4 2 1
KtgGDq7tbwk 2015-07-10 0 0 0 0 0 21 6 2 3 1
KtgGDq7tbwk 2015-07-11 2 0 0 0 0 39 1 1 0 0
KtgGDq7tbwk 2015-07-12 0 0 0 0 0 19 9 4 3 2
KtgGDq7tbwk 2015-07-13 0 0 0 0 0 23 5 2 1 2
KtgGDq7tbwk 2015-07-14 0 0 0 0 0 23 8 5 0 3
KtgGDq7tbwk 2015-07-15 7 4 1 0 3 40 16 5 5 6
KtgGDq7tbwk 2015-07-16 2 0 0 0 0 20 3 2 0 1
KtgGDq7tbwk 2015-07-17 1 0 0 0 0 14 6 3 1 2
KtgGDq7tbwk 2015-07-18 1 0 0 0 0 24 7 4 1 2
KtgGDq7tbwk 2015-07-19 0 0 0 0 0 17 5 3 0 2
KtgGDq7tbwk 2015-07-20 0 0 0 0 0 20 8 1 3 4
KtgGDq7tbwk 2015-07-21 0 0 0 0 0 32 12 6 2 4
KtgGDq7tbwk 2015-07-22 0 0 0 0 0 38 9 4 1 4
KtgGDq7tbwk 2015-07-23 0 0 0 0 0 35 10 3 1 6
KtgGDq7tbwk 2015-07-24 0 0 0 0 0 25 3 2 1 0
KtgGDq7tbwk 2015-07-25 0 0 0 0 0 12 2 1 0 1
KtgGDq7tbwk 2015-07-26 0 0 0 0 0 14 3 2 0 1
KtgGDq7tbwk 2015-07-27 0 0 0 0 0 21 4 1 0 3
KtgGDq7tbwk 2015-07-28 1 0 0 0 0 37 14 6 4 4
KtgGDq7tbwk 2015-07-29 0 0 0 0 0 9 1 1 0 0
KtgGDq7tbwk 2015-07-30 0 0 0 0 0 23 6 5 0 1
KtgGDq7tbwk 2015-07-31 3 0 0 0 0 14 5 2 1 2
KtgGDq7tbwk 2015-08-01 0 0 0 0 0 12 4 1 0 3
KtgGDq7tbwk 2015-08-02 0 0 0 0 0 19 3 1 0 2
KtgGDq7tbwk 2015-08-03 0 0 0 0 0 16 4 1 1 2
KtgGDq7tbwk 2015-08-04 0 0 0 0 0 15 4 1 1 2
KtgGDq7tbwk 2015-08-05 0 0 0 0 0 27 2 0 1 1
KtgGDq7tbwk 2015-08-06 0 0 0 0 0 22 6 5 0 1
KtgGDq7tbwk 2015-08-07 0 0 0 0 0 29 5 2 0 3
KtgGDq7tbwk 2015-08-08 1 0 0 0 0 17 6 4 0 2
KtgGDq7tbwk 2015-08-09 0 0 0 0 0 18 4 4 0 0
KtgGDq7tbwk 2015-08-10 0 0 0 0 0 17 2 0 2 0
KtgGDq7tbwk 2015-08-11 0 0 0 0 0 16 4 3 1 0
KtgGDq7tbwk 2015-08-12 0 0 0 0 0 16 2 0 0 2
KtgGDq7tbwk 2015-08-13 0 0 0 0 0 11 1 1 0 0
KtgGDq7tbwk 2015-08-14 1 0 0 0 0 30 8 2 3 3
KtgGDq7tbwk 2015-08-15 1 1 0 1 0 32 8 4 1 3
KtgGDq7tbwk 2015-08-16 0 0 0 0 0 12 4 0 1 3
KtgGDq7tbwk 2015-08-17 4 0 0 0 0 18 7 4 1 2
KtgGDq7tbwk 2015-08-18 3 0 0 0 0 32 13 7 2 4
KtgGDq7tbwk 2015-08-19 3 1 0 1 0 16 2 1 0 1
KtgGDq7tbwk 2015-08-20 0 0 0 0 0 24 10 4 2 4
KtgGDq7tbwk 2015-08-21 2 0 0 0 0 31 13 10 1 2
KtgGDq7tbwk 2015-08-22 3 0 0 0 0 11 3 2 0 1
KtgGDq7tbwk 2015-08-23 0 0 0 0 0 21 6 2 0 4
KtgGDq7tbwk 2015-08-24 0 0 0 0 0 35 8 6 0 2
KtgGDq7tbwk 2015-08-25 0 0 0 0 0 17 11 6 1 4
KtgGDq7tbwk 2015-08-26 2 2 0 2 0 26 3 2 0 1
KtgGDq7tbwk 2015-08-27 0 0 0 0 0 39 9 2 2 5
KtgGDq7tbwk 2015-08-28 1 0 0 0 0 23 10 2 3 5
KtgGDq7tbwk 2015-08-29 0 0 0 0 0 14 2 1 0 1
KtgGDq7tbwk 2015-08-30 0 0 0 0 0 19 4 3 0 1
KtgGDq7tbwk 2015-08-31 0 0 0 0 0 25 3 2 1 0
KtgGDq7tbwk 2015-09-01 0 0 0 0 0 21 6 3 0 3
KtgGDq7tbwk 2015-09-02 0 0 0 0 0 20 6 4 0 2
KtgGDq7tbwk 2015-09-03 0 0 0 0 0 39 5 2 0 3
KtgGDq7tbwk 2015-09-04 3 0 0 0 0 27 4 2 1 1
KtgGDq7tbwk 2015-09-05 0 0 0 0 0 13 8 3 0 5
KtgGDq7tbwk 2015-09-06 3 1 0 1 0 32 15 4 1 10
KtgGDq7tbwk 2015-09-07 1 0 0 0 0 35 11 8 1 2
KtgGDq7tbwk 2015-09-08 0 0 0 0 0 32 12 2 5 5
KtgGDq7tbwk 2015-09-09 0 0 0 0 0 31 13 11 0 2
KtgGDq7tbwk 2015-09-10 0 0 0 0 0 55 25 4 12 9
KtgGDq7tbwk 2015-09-11 0 0 0 0 0 26 5 3 0 2
KtgGDq7tbwk 2015-09-12 0 0 0 0 0 40 10 7 1 2
KtgGDq7tbwk 2015-09-13 0 0 0 0 0 23 9 5 0 4
KtgGDq7tbwk 2015-09-14 1 0 0 0 0 28 10 4 1 5
KtgGDq7tbwk 2015-09-15 1 0 0 0 0 32 7 4 0 3
KtgGDq7tbwk 2015-09-16 0 0 0 0 0 47 9 7 0 2
KtgGDq7tbwk 2015-09-17 0 0 0 0 0 18 5 3 0 2
KtgGDq7tbwk 2015-09-18 0 0 0 0 0 12 5 3 0 2
KtgGDq7tbwk 2015-09-19 1 0 0 0 0 26 12 7 1 4
KtgGDq7tbwk 2015-09-20 0 0 0 0 0 22 8 3 0 5
KtgGDq7tbwk 2015-09-21 2 1 1 0 0 22 5 2 0 3
KtgGDq7tbwk 2015-09-22 1 1 0 0 1 25 12 5 2 5
KtgGDq7tbwk 2015-09-23 1 0 0 0 0 32 15 8 0 7
KtgGDq7tbwk 2015-09-24 0 0 0 0 0 25 2 2 0 0
KtgGDq7tbwk 2015-09-25 0 0 0 0 0 22 6 3 0 3
KtgGDq7tbwk 2015-09-26 0 0 0 0 0 25 9 5 1 3
KtgGDq7tbwk 2015-09-27 1 0 0 0 0 33 12 7 1 4
KtgGDq7tbwk 2015-09-28 3 1 1 0 0 44 9 4 3 2
KtgGDq7tbwk 2015-09-29 0 0 0 0 0 25 10 4 1 5
KtgGDq7tbwk 2015-09-30 0 0 0 0 0 35 8 7 1 0
KtgGDq7tbwk 2015-10-01 0 0 0 0 0 29 13 4 3 6
KtgGDq7tbwk 2015-10-02 1 1 0 1 0 19 6 2 2 2
KtgGDq7tbwk 2015-10-03 0 0 0 0 0 31 8 5 2 1
KtgGDq7tbwk 2015-10-04 1 0 0 0 0 25 7 4 0 3
KtgGDq7tbwk 2015-10-05 2 0 0 0 0 32 6 2 1 3
KtgGDq7tbwk 2015-10-06 1 1 0 0 1 38 13 7 4 2
KtgGDq7tbwk 2015-10-07 1 1 0 0 1 43 8 3 2 3
KtgGDq7tbwk 2015-10-08 0 0 0 0 0 29 8 4 4 0
KtgGDq7tbwk 2015-10-09 1 0 0 0 0 21 7 6 0 1
KtgGDq7tbwk 2015-10-10 5 1 0 0 1 24 4 3 0 1
KtgGDq7tbwk 2015-10-11 1 0 0 0 0 29 18 10 1 7
KtgGDq7tbwk 2015-10-12 2 0 0 0 0 25 12 6 1 5
KtgGDq7tbwk 2015-10-13 1 0 0 0 0 25 11 7 1 3
KtgGDq7tbwk 2015-10-14 0 0 0 0 0 25 9 7 0 2
KtgGDq7tbwk 2015-10-15 0 0 0 0 0 38 9 7 2 0
KtgGDq7tbwk 2015-10-16 0 0 0 0 0 11 3 3 0 0
KtgGDq7tbwk 2015-10-17 0 0 0 0 0 30 11 9 0 2
KtgGDq7tbwk 2015-10-18 0 0 0 0 0 25 8 6 1 1
KtgGDq7tbwk 2015-10-19 0 0 0 0 0 30 13 11 0 2
KtgGDq7tbwk 2015-10-20 2 0 0 0 0 24 7 3 1 3
KtgGDq7tbwk 2015-10-21 0 0 0 0 0 56 24 9 2 13
KtgGDq7tbwk 2015-10-22 1 0 0 0 0 48 12 5 1 6
KtgGDq7tbwk 2015-10-23 2 0 0 0 0 40 10 6 1 3
KtgGDq7tbwk 2015-10-24 0 0 0 0 0 26 8 6 1 1
KtgGDq7tbwk 2015-10-25 0 0 0 0 0 33 12 7 1 4
KtgGDq7tbwk 2015-10-26 4 1 0 0 1 28 8 4 1 3
KtgGDq7tbwk 2015-10-27 0 0 0 0 0 25 10 6 1 3
KtgGDq7tbwk 2015-10-28 2 1 0 1 0 42 15 10 2 3
KtgGDq7tbwk 2015-10-29 0 0 0 0 0 29 15 3 2 10
KtgGDq7tbwk 2015-10-30 4 4 4 0 0 20 5 3 1 1
KtgGDq7tbwk 2015-10-31 0 0 0 0 0 46 16 10 0 6
KtgGDq7tbwk 2015-11-01 0 0 0 0 0 39 12 10 2 0
KtgGDq7tbwk 2015-11-02 0 0 0 0 0 12 3 1 1 1
KtgGDq7tbwk 2015-11-03 1 1 1 0 0 24 5 3 1 1
KtgGDq7tbwk 2015-11-04 0 0 0 0 0 24 8 5 1 2
KtgGDq7tbwk 2015-11-05 0 0 0 0 0 29 9 6 1 2
KtgGDq7tbwk 2015-11-06 1 0 0 0 0 24 9 7 0 2
KtgGDq7tbwk 2015-11-07 0 0 0 0 0 25 5 2 1 2
KtgGDq7tbwk 2015-11-08 0 0 0 0 0 24 10 8 0 2
KtgGDq7tbwk 2015-11-09 1 0 0 0 0 22 6 6 0 0
KtgGDq7tbwk 2015-11-10 3 0 0 0 0 35 12 9 2 1
KtgGDq7tbwk 2015-11-11 6 2 0 0 2 41 15 8 1 6
KtgGDq7tbwk 2015-11-12 4 3 1 1 1 44 5 1 0 4
KtgGDq7tbwk 2015-11-13 1 1 0 0 1 36 10 5 0 5
KtgGDq7tbwk 2015-11-14 0 0 0 0 0 37 14 7 2 5
KtgGDq7tbwk 2015-11-15 4 1 0 1 0 47 14 7 1 6
KtgGDq7tbwk 2015-11-16 6 1 1 0 0 54 17 8 1 8
KtgGDq7tbwk 2015-11-17 3 3 1 0 2 26 8 4 0 4
KtgGDq7tbwk 2015-11-18 0 0 0 0 0 51 15 8 2 5
KtgGDq7tbwk 2015-11-19 1 0 0 0 0 43 18 9 4 5
KtgGDq7tbwk 2015-11-20 6 2 0 2 0 52 19 8 1 10
KtgGDq7tbwk 2015-11-21 5 1 1 0 0 58 23 14 0 9
KtgGDq7tbwk 2015-11-22 2 0 0 0 0 39 12 7 0 5
KtgGDq7tbwk 2015-11-23 0 0 0 0 0 40 15 8 0 7
KtgGDq7tbwk 2015-11-24 1 0 0 0 0 57 19 11 0 8
KtgGDq7tbwk 2015-11-25 14 5 1 0 4 53 12 7 0 5
KtgGDq7tbwk 2015-11-26 5 0 0 0 0 30 5 4 0 1
KtgGDq7tbwk 2015-11-27 1 0 0 0 0 55 16 8 1 7
KtgGDq7tbwk 2015-11-28 0 0 0 0 0 50 13 4 5 4
KtgGDq7tbwk 2015-11-29 1 0 0 0 0 25 10 4 3 3
KtgGDq7tbwk 2015-11-30 1 0 0 0 0 32 14 9 2 3
KtgGDq7tbwk 2015-12-01 2 0 0 0 0 31 8 5 0 3
KtgGDq7tbwk 2015-12-02 5 1 1 0 0 44 13 9 0 4
KtgGDq7tbwk 2015-12-03 5 1 0 0 1 44 14 12 0 2
KtgGDq7tbwk 2015-12-04 5 1 1 0 0 36 17 9 3 5
KtgGDq7tbwk 2015-12-05 32 3 0 0 3 61 13 5 2 6
KtgGDq7tbwk 2015-12-06 16 1 1 0 0 41 15 7 1 7
KtgGDq7tbwk 2015-12-07 9 1 0 0 1 45 10 5 0 5
KtgGDq7tbwk 2015-12-08 18 6 3 0 3 34 9 1 2 6
KtgGDq7tbwk 2015-12-09 20 5 0 0 5 44 21 13 2 6
KtgGDq7tbwk 2015-12-10 14 5 0 0 5 35 13 8 4 1
KtgGDq7tbwk 2015-12-11 2 1 0 0 1 22 9 4 1 4
KtgGDq7tbwk 2015-12-12 0 0 0 0 0 53 13 6 1 6
KtgGDq7tbwk 2015-12-13 5 1 0 0 1 33 12 6 1 5
KtgGDq7tbwk 2015-12-14 7 1 0 1 0 29 15 2 4 9
KtgGDq7tbwk 2015-12-15 0 0 0 0 0 48 19 8 5 6
KtgGDq7tbwk 2015-12-16 0 0 0 0 0 50 16 4 2 10
KtgGDq7tbwk 2015-12-17 0 0 0 0 0 44 20 10 2 8
KtgGDq7tbwk 2015-12-18 0 0 0 0 0 38 18 10 1 7
KtgGDq7tbwk 2015-12-19 5 0 0 0 0 36 17 7 5 5
KtgGDq7tbwk 2015-12-20 2 0 0 0 0 42 13 6 3 4
KtgGDq7tbwk 2015-12-21 1 0 0 0 0 29 8 5 0 3
KtgGDq7tbwk 2015-12-22 2 0 0 0 0 33 12 6 3 3
KtgGDq7tbwk 2015-12-23 5 1 0 0 1 20 8 4 1 3
KtgGDq7tbwk 2015-12-24 3 0 0 0 0 39 16 13 1 2
KtgGDq7tbwk 2015-12-25 8 2 0 1 1 28 4 4 0 0
KtgGDq7tbwk 2015-12-26 4 0 0 0 0 32 11 8 0 3
KtgGDq7tbwk 2015-12-27 2 0 0 0 0 49 8 3 0 5
KtgGDq7tbwk 2015-12-28 19 7 0 5 2 40 7 5 0 2
KtgGDq7tbwk 2015-12-29 9 4 1 1 2 32 8 4 0 4
KtgGDq7tbwk 2015-12-30 1 0 0 0 0 23 7 3 0 4
KtgGDq7tbwk 2015-12-31 4 1 1 0 0 49 16 9 3 4
KtgGDq7tbwk 2016-01-01 2 0 0 0 0 44 13 10 1 2
KtgGDq7tbwk 2016-01-02 2 0 0 0 0 62 21 12 2 7
KtgGDq7tbwk 2016-01-03 2 0 0 0 0 36 16 11 2 3
KtgGDq7tbwk 2016-01-04 0 0 0 0 0 36 4 2 0 2
KtgGDq7tbwk 2016-01-05 2 1 0 0 1 37 12 10 0 2
KtgGDq7tbwk 2016-01-06 1 0 0 0 0 38 6 4 0 2
KtgGDq7tbwk 2016-01-07 10 1 0 1 0 30 13 5 2 6
KtgGDq7tbwk 2016-01-08 18 1 0 0 1 36 13 7 2 4
KtgGDq7tbwk 2016-01-09 8 0 0 0 0 42 12 8 1 3
KtgGDq7tbwk 2016-01-10 4 0 0 0 0 44 15 6 0 9
KtgGDq7tbwk 2016-01-11 0 0 0 0 0 38 15 12 2 1
KtgGDq7tbwk 2016-01-12 1 1 0 1 0 48 17 12 3 2
KtgGDq7tbwk 2016-01-13 0 0 0 0 0 40 11 5 3 3
KtgGDq7tbwk 2016-01-14 9 4 0 1 3 50 10 4 2 4
KtgGDq7tbwk 2016-01-15 8 4 1 1 2 35 14 7 2 5
KtgGDq7tbwk 2016-01-16 3 1 0 0 1 32 18 7 6 5
KtgGDq7tbwk 2016-01-17 1 0 0 0 0 38 8 7 0 1
KtgGDq7tbwk 2016-01-18 0 0 0 0 0 41 14 9 0 5
KtgGDq7tbwk 2016-01-19 8 3 0 0 3 37 10 6 2 2
KtgGDq7tbwk 2016-01-20 0 0 0 0 0 37 12 9 0 3
KtgGDq7tbwk 2016-01-21 8 4 1 1 2 34 11 6 2 3
KtgGDq7tbwk 2016-01-22 1 0 0 0 0 48 27 15 2 10
KtgGDq7tbwk 2016-01-23 0 0 0 0 0 53 13 4 2 7
KtgGDq7tbwk 2016-01-24 7 2 1 0 1 39 14 6 4 4
KtgGDq7tbwk 2016-01-25 5 0 0 0 0 68 20 10 1 9
KtgGDq7tbwk 2016-01-26 25 13 4 2 7 47 13 6 3 4
KtgGDq7tbwk 2016-01-27 23 3 0 1 2 29 9 4 2 3
KtgGDq7tbwk 2016-01-28 6 1 0 0 1 36 17 10 2 5
KtgGDq7tbwk 2016-01-29 23 2 0 0 2 51 8 4 0 4
KtgGDq7tbwk 2016-01-30 3 0 0 0 0 24 14 8 4 2
KtgGDq7tbwk 2016-01-31 2 0 0 0 0 15 5 2 1 2
KtgGDq7tbwk 2016-02-01 2 1 1 0 0 27 12 9 2 1
KtgGDq7tbwk 2016-02-02 8 1 0 0 1 41 10 2 1 7
KtgGDq7tbwk 2016-02-03 7 1 0 0 1 53 32 16 4 12
KtgGDq7tbwk 2016-02-04 6 1 0 1 0 35 11 7 2 2
KtgGDq7tbwk 2016-02-05 2 1 0 0 1 32 16 8 5 3
KtgGDq7tbwk 2016-02-06 2 0 0 0 0 41 16 11 4 1
KtgGDq7tbwk 2016-02-07 1 0 0 0 0 32 7 4 0 3
KtgGDq7tbwk 2016-02-08 2 1 1 0 0 31 10 6 0 4
KtgGDq7tbwk 2016-02-09 2 0 0 0 0 43 19 14 1 4
KtgGDq7tbwk 2016-02-10 0 0 0 0 0 33 9 6 0 3
KtgGDq7tbwk 2016-02-11 2 1 1 0 0 38 12 7 1 4
KtgGDq7tbwk 2016-02-12 6 3 1 2 0 32 11 8 1 2
KtgGDq7tbwk 2016-02-13 27 8 1 4 3 18 7 6 0 1
KtgGDq7tbwk 2016-02-14 16 3 2 0 1 40 13 9 1 3
KtgGDq7tbwk 2016-02-15 16 5 1 2 2 32 9 6 0 3
KtgGDq7tbwk 2016-02-16 9 2 0 1 1 28 9 6 1 2
KtgGDq7tbwk 2016-02-17 9 4 1 0 3 50 16 3 7 6
KtgGDq7tbwk 2016-02-18 13 5 2 2 1 39 19 11 2 6
KtgGDq7tbwk 2016-02-19 10 4 0 1 3 28 10 8 0 2
KtgGDq7tbwk 2016-02-20 4 2 1 0 1 43 14 8 2 4
KtgGDq7tbwk 2016-02-21 8 2 1 1 0 28 10 5 0 5
KtgGDq7tbwk 2016-02-22 10 7 1 2 4 59 20 14 0 6
KtgGDq7tbwk 2016-02-23 0 0 0 0 0 42 8 5 0 3
KtgGDq7tbwk 2016-02-24 9 3 1 1 1 52 23 13 6 4
KtgGDq7tbwk 2016-02-25 3 0 0 0 0 48 24 18 1 5
KtgGDq7tbwk 2016-02-26 31 16 5 1 10 39 17 9 2 6
KtgGDq7tbwk 2016-02-27 10 5 0 4 1 64 24 9 8 7
KtgGDq7tbwk 2016-02-28 14 9 4 1 4 60 26 13 4 9
KtgGDq7tbwk 2016-02-29 7 3 2 1 0 54 8 2 2 4
KtgGDq7tbwk 2016-03-01 2 1 0 1 0 52 17 9 3 5
KtgGDq7tbwk 2016-03-02 5 3 1 0 2 60 14 9 2 3
KtgGDq7tbwk 2016-03-03 3 3 2 0 1 40 7 2 0 5
KtgGDq7tbwk 2016-03-04 11 6 1 1 4 47 16 9 2 5
KtgGDq7tbwk 2016-03-05 9 6 2 3 1 51 16 7 0 9
KtgGDq7tbwk 2016-03-06 4 3 2 1 0 62 9 5 1 3
KtgGDq7tbwk 2016-03-07 3 1 0 0 1 68 20 9 1 10
KtgGDq7tbwk 2016-03-08 5 2 0 2 0 58 15 7 4 4
KtgGDq7tbwk 2016-03-09 4 2 0 1 1 44 14 9 1 4
KtgGDq7tbwk 2016-03-10 5 2 0 1 1 28 16 12 2 2
KtgGDq7tbwk 2016-03-11 6 4 0 0 4 38 11 5 0 6
KtgGDq7tbwk 2016-03-12 11 3 1 0 2 38 17 12 1 4
KtgGDq7tbwk 2016-03-13 3 0 0 0 0 51 12 5 2 5
KtgGDq7tbwk 2016-03-14 10 3 2 0 1 29 8 4 2 2
KtgGDq7tbwk 2016-03-15 9 5 4 0 1 48 17 16 0 1
KtgGDq7tbwk 2016-03-16 9 6 2 2 2 31 12 7 0 5
KtgGDq7tbwk 2016-03-17 11 1 0 0 1 43 24 10 2 12
KtgGDq7tbwk 2016-03-18 16 4 1 0 3 34 10 5 1 4
KtgGDq7tbwk 2016-03-19 14 3 0 0 3 62 19 11 2 6
KtgGDq7tbwk 2016-03-20 20 4 1 1 2 36 13 9 2 2
KtgGDq7tbwk 2016-03-21 15 2 2 0 0 45 15 10 2 3
KtgGDq7tbwk 2016-03-22 2 2 2 0 0 37 15 9 0 6
KtgGDq7tbwk 2016-03-23 8 4 1 2 1 43 23 11 5 7
KtgGDq7tbwk 2016-03-24 20 5 2 0 3 51 18 11 1 6
KtgGDq7tbwk 2016-03-25 22 6 3 0 3 46 19 12 4 3
KtgGDq7tbwk 2016-03-26 6 1 0 0 1 29 5 4 0 1
KtgGDq7tbwk 2016-03-27 2 1 1 0 0 41 21 15 2 4
KtgGDq7tbwk 2016-03-28 4 1 0 0 1 38 17 7 2 8
KtgGDq7tbwk 2016-03-29 2 2 0 0 2 30 10 7 1 2
KtgGDq7tbwk 2016-03-30 5 1 0 0 1 37 14 10 2 2
KtgGDq7tbwk 2016-03-31 2 2 0 0 2 20 5 3 0 2
KtgGDq7tbwk 2016-04-01 6 3 2 1 0 46 15 12 2 1
KtgGDq7tbwk 2016-04-02 3 3 1 0 2 39 19 12 1 6
KtgGDq7tbwk 2016-04-03 5 4 2 0 2 42 12 5 1 6
KtgGDq7tbwk 2016-04-04 15 4 1 1 2 48 14 7 0 7
KtgGDq7tbwk 2016-04-05 9 1 0 0 1 59 9 5 1 3
KtgGDq7tbwk 2016-04-06 11 4 2 0 2 38 11 4 3 4
KtgGDq7tbwk 2016-04-07 13 5 0 0 5 44 17 9 3 5
KtgGDq7tbwk 2016-04-08 7 0 0 0 0 60 19 10 2 7
KtgGDq7tbwk 2016-04-09 9 1 0 0 1 34 8 5 2 1
KtgGDq7tbwk 2016-04-10 8 1 0 1 0 37 15 11 0 4
KtgGDq7tbwk 2016-04-11 9 2 1 0 1 50 13 5 2 6
KtgGDq7tbwk 2016-04-12 11 1 0 0 1 47 12 6 2 4
KtgGDq7tbwk 2016-04-13 1 0 0 0 0 33 9 6 1 2
KtgGDq7tbwk 2016-04-14 5 2 0 1 1 65 16 8 1 7
KtgGDq7tbwk 2016-04-15 3 2 1 0 1 37 11 5 1 5
KtgGDq7tbwk 2016-04-16 3 0 0 0 0 45 12 8 1 3
KtgGDq7tbwk 2016-04-17 5 4 0 2 2 45 19 12 3 4
KtgGDq7tbwk 2016-04-18 4 2 0 0 2 43 12 8 2 2
KtgGDq7tbwk 2016-04-19 5 3 0 1 2 52 22 16 1 5
KtgGDq7tbwk 2016-04-20 5 1 0 0 1 33 9 4 2 3
KtgGDq7tbwk 2016-04-21 4 2 1 0 1 48 10 6 0 4
KtgGDq7tbwk 2016-04-22 6 2 2 0 0 58 14 6 1 7
KtgGDq7tbwk 2016-04-23 4 1 1 0 0 40 3 0 0 3
KtgGDq7tbwk 2016-04-24 6 3 3 0 0 36 9 4 1 4
KtgGDq7tbwk 2016-04-25 2 2 0 0 2 42 13 7 0 6
KtgGDq7tbwk 2016-04-26 6 4 0 0 4 28 14 5 4 5
KtgGDq7tbwk 2016-04-27 6 2 2 0 0 35 17 7 3 7
KtgGDq7tbwk 2016-04-28 1 0 0 0 0 32 15 10 3 2
KtgGDq7tbwk 2016-04-29 3 2 2 0 0 88 33 25 2 6
KtgGDq7tbwk 2016-04-30 6 4 3 0 1 52 20 10 1 9
KtgGDq7tbwk 2016-05-01 4 1 1 0 0 45 11 4 3 4
KtgGDq7tbwk 2016-05-02 6 2 2 0 0 44 19 13 0 6
KtgGDq7tbwk 2016-05-03 1 1 0 0 1 44 12 9 0 3
KtgGDq7tbwk 2016-05-04 2 0 0 0 0 40 17 8 3 6
KtgGDq7tbwk 2016-05-05 2 0 0 0 0 35 5 3 0 2
KtgGDq7tbwk 2016-05-06 5 0 0 0 0 58 23 13 5 5
KtgGDq7tbwk 2016-05-07 6 5 0 1 4 39 15 9 1 5
KtgGDq7tbwk 2016-05-08 4 2 1 0 1 46 10 6 0 4
KtgGDq7tbwk 2016-05-09 12 10 5 2 3 52 17 12 3 2
KtgGDq7tbwk 2016-05-10 1 0 0 0 0 48 16 11 1 4
KtgGDq7tbwk 2016-05-11 3 1 1 0 0 62 23 15 1 7
KtgGDq7tbwk 2016-05-12 11 8 1 2 5 57 17 8 2 7
KtgGDq7tbwk 2016-05-13 5 1 0 1 0 52 18 9 2 7
KtgGDq7tbwk 2016-05-14 6 1 0 1 0 46 16 11 1 4
KtgGDq7tbwk 2016-05-15 5 3 0 1 2 49 14 9 4 1
KtgGDq7tbwk 2016-05-16 11 3 0 2 1 51 14 9 1 4
KtgGDq7tbwk 2016-05-17 3 1 1 0 0 58 17 10 3 4
KtgGDq7tbwk 2016-05-18 4 1 1 0 0 74 20 10 4 6
KtgGDq7tbwk 2016-05-19 4 1 1 0 0 86 21 14 2 5
KtgGDq7tbwk 2016-05-20 9 4 1 1 2 50 11 9 2 0
KtgGDq7tbwk 2016-05-21 14 11 3 3 5 72 33 16 9 8
KtgGDq7tbwk 2016-05-22 16 7 2 2 3 67 30 21 4 5
KtgGDq7tbwk 2016-05-23 0 0 0 0 0 86 31 16 4 11
KtgGDq7tbwk 2016-05-24 2 1 0 0 1 50 14 12 0 2
KtgGDq7tbwk 2016-05-25 2 0 0 0 0 53 20 13 1 6
KtgGDq7tbwk 2016-05-26 2 0 0 0 0 33 11 6 2 3
KtgGDq7tbwk 2016-05-27 3 0 0 0 0 41 15 5 2 8
KtgGDq7tbwk 2016-05-28 0 0 0 0 0 58 22 13 1 8
KtgGDq7tbwk 2016-05-29 1 0 0 0 0 50 12 9 0 3
KtgGDq7tbwk 2016-05-30 1 0 0 0 0 74 17 11 3 3
KtgGDq7tbwk 2016-05-31 4 1 1 0 0 50 21 14 3 4
KtgGDq7tbwk 2016-06-01 5 3 1 1 1 58 11 6 1 4
KtgGDq7tbwk 2016-06-02 1 1 0 0 1 58 27 17 0 10
KtgGDq7tbwk 2016-06-03 3 2 2 0 0 45 12 8 2 2
KtgGDq7tbwk 2016-06-04 2 1 1 0 0 65 35 18 6 11
KtgGDq7tbwk 2016-06-05 2 0 0 0 0 83 31 24 1 6
KtgGDq7tbwk 2016-06-06 4 0 0 0 0 65 29 18 2 9
KtgGDq7tbwk 2016-06-07 3 0 0 0 0 71 33 17 2 14
KtgGDq7tbwk 2016-06-08 1 0 0 0 0 52 10 3 1 6
KtgGDq7tbwk 2016-06-09 2 1 1 0 0 69 25 14 4 7
KtgGDq7tbwk 2016-06-10 2 2 1 0 1 94 35 22 5 8
KtgGDq7tbwk 2016-06-11 10 6 4 0 2 74 24 7 6 11
KtgGDq7tbwk 2016-06-12 2 2 1 0 1 56 20 12 2 6
KtgGDq7tbwk 2016-06-13 2 0 0 0 0 45 11 7 1 3
KtgGDq7tbwk 2016-06-14 3 1 1 0 0 62 23 12 4 7
KtgGDq7tbwk 2016-06-15 2 1 1 0 0 91 41 22 8 11
KtgGDq7tbwk 2016-06-16 0 0 0 0 0 84 34 19 5 10
KtgGDq7tbwk 2016-06-17 5 2 1 1 0 73 33 16 5 12
KtgGDq7tbwk 2016-06-18 1 0 0 0 0 83 34 16 8 10
KtgGDq7tbwk 2016-06-19 4 1 1 0 0 123 52 22 14 16
KtgGDq7tbwk 2016-06-20 3 2 1 1 0 59 26 15 6 5
KtgGDq7tbwk 2016-06-21 3 2 0 0 2 73 36 19 5 12
KtgGDq7tbwk 2016-06-22 6 2 1 0 1 56 26 17 2 7
KtgGDq7tbwk 2016-06-23 9 7 3 1 3 117 36 16 7 13
KtgGDq7tbwk 2016-06-24 2 0 0 0 0 76 26 14 3 9
KtgGDq7tbwk 2016-06-25 4 2 0 0 2 91 34 21 5 8
KtgGDq7tbwk 2016-06-26 1 0 0 0 0 75 28 18 1 9
KtgGDq7tbwk 2016-06-27 2 0 0 0 0 61 23 10 2 11
KtgGDq7tbwk 2016-06-28 0 0 0 0 0 66 22 13 0 9
KtgGDq7tbwk 2016-06-29 9 6 3 1 2 71 29 17 5 7
KtgGDq7tbwk 2016-06-30 8 4 2 2 0 73 23 14 3 6
KtgGDq7tbwk 2016-07-01 2 2 1 0 1 100 43 26 4 13
KtgGDq7tbwk 2016-07-02 3 1 0 0 1 104 44 28 3 13
KtgGDq7tbwk 2016-07-03 19 4 3 0 1 69 28 12 3 13
KtgGDq7tbwk 2016-07-04 11 3 2 0 1 75 30 19 2 9
KtgGDq7tbwk 2016-07-05 17 11 7 0 4 93 25 17 0 8
KtgGDq7tbwk 2016-07-06 11 4 3 0 1 132 46 28 3 15
KtgGDq7tbwk 2016-07-07 20 7 5 0 2 116 32 20 2 10
KtgGDq7tbwk 2016-07-08 19 8 5 0 3 79 30 19 4 7
KtgGDq7tbwk 2016-07-09 17 8 8 0 0 106 50 23 10 17
KtgGDq7tbwk 2016-07-10 12 6 1 1 4 78 28 15 6 7
KtgGDq7tbwk 2016-07-11 27 16 10 1 5 94 46 29 3 14
KtgGDq7tbwk 2016-07-12 17 8 8 0 0 89 31 19 2 10
KtgGDq7tbwk 2016-07-13 20 10 9 0 1 61 27 19 2 6
KtgGDq7tbwk 2016-07-14 18 10 7 3 0 110 47 22 10 15
KtgGDq7tbwk 2016-07-15 23 12 6 1 5 77 34 22 7 5
KtgGDq7tbwk 2016-07-16 16 10 6 2 2 92 47 35 2 10
KtgGDq7tbwk 2016-07-17 17 3 3 0 0 123 46 26 2 18
KtgGDq7tbwk 2016-07-18 20 5 2 0 3 87 39 22 6 11
KtgGDq7tbwk 2016-07-19 12 3 3 0 0 117 46 26 3 17
KtgGDq7tbwk 2016-07-20 26 6 4 0 2 119 45 32 3 10
KtgGDq7tbwk 2016-07-21 19 5 4 0 1 145 56 42 5 9
KtgGDq7tbwk 2016-07-22 10 5 3 1 1 109 51 32 4 15
KtgGDq7tbwk 2016-07-23 19 11 4 1 6 131 68 45 4 19
KtgGDq7tbwk 2016-07-24 23 8 6 0 2 99 29 16 2 11
KtgGDq7tbwk 2016-07-25 20 8 4 3 1 102 29 16 1 12
KtgGDq7tbwk 2016-07-26 19 6 0 1 5 133 44 30 0 14
KtgGDq7tbwk 2016-07-27 18 7 3 0 4 130 53 33 3 17
KtgGDq7tbwk 2016-07-28 18 9 6 0 3 121 52 34 3 15
KtgGDq7tbwk 2016-07-29 18 7 2 0 5 112 34 18 4 12
KtgGDq7tbwk 2016-07-30 15 6 3 0 3 86 33 23 2 8
KtgGDq7tbwk 2016-07-31 8 1 1 0 0 153 53 30 7 16
KtgGDq7tbwk 2016-08-01 9 4 3 0 1 149 48 36 3 9
