video date target_total target_isis target_happy target_sad target_angry total isis happy sad angry
lezIO8yg2r4 2015-06-01 0 0 0 0 0 6 1 1 0 0
lezIO8yg2r4 2015-06-02 1 1 1 0 0 6 2 2 0 0
lezIO8yg2r4 2015-06-03 0 0 0 0 0 5 1 0 0 1
lezIO8yg2r4 2015-06-04 0 0 0 0 0 3 3 1 2 0
lezIO8yg2r4 2015-06-05 0 0 0 0 0 1 1 1 0 0
lezIO8yg2r4 2015-06-06 0 0 0 0 0 1 0 0 0 0
lezIO8yg2r4 2015-06-07 0 0 0 0 0 4 2 0 0 2
lezIO8yg2r4 2015-06-08 2 2 2 0 0 3 0 0 0 0
lezIO8yg2r4 2015-06-09 0 0 0 0 0 3 1 1 0 0
lezIO8yg2r4 2015-06-10 0 0 0 0 0 7 3 1 1 1
lezIO8yg2r4 2015-06-11 2 1 1 0 0 5 3 3 0 0
lezIO8yg2r4 2015-06-12 1 0 0 0 0 10 7 1 0 6
lezIO8yg2r4 2015-06-13 0 0 0 0 0 17 6 4 0 2
lezIO8yg2r4 2015-06-14 3 3 2 0 1 14 6 6 0 0
lezIO8yg2r4 2015-06-15 1 0 0 0 0 11 1 1 0 0
lezIO8yg2r4 2015-06-16 1 0 0 0 0 0 0 0 0 0
lezIO8yg2r4 2015-06-17 0 0 0 0 0 10 6 4 1 1
lezIO8yg2r4 2015-06-18 0 0 0 0 0 4 0 0 0 0
lezIO8yg2r4 2015-06-19 1 1 1 0 0 6 3 3 0 0
lezIO8yg2r4 2015-06-20 0 0 0 0 0 12 6 3 1 2
lezIO8yg2r4 2015-06-21 4 3 2 0 1 15 11 9 0 2
lezIO8yg2r4 2015-06-22 0 0 0 0 0 10 6 3 1 2
lezIO8yg2r4 2015-06-23 0 0 0 0 0 8 3 3 0 0
lezIO8yg2r4 2015-06-24 4 2 2 0 0 5 1 1 0 0
lezIO8yg2r4 2015-06-25 0 0 0 0 0 17 8 4 3 1
lezIO8yg2r4 2015-06-26 0 0 0 0 0 9 4 2 1 1
lezIO8yg2r4 2015-06-27 0 0 0 0 0 2 2 2 0 0
lezIO8yg2r4 2015-06-28 1 1 1 0 0 7 4 4 0 0
lezIO8yg2r4 2015-06-29 0 0 0 0 0 8 4 2 0 2
lezIO8yg2r4 2015-06-30 1 0 0 0 0 9 1 1 0 0
lezIO8yg2r4 2015-07-01 2 2 0 2 0 16 8 5 1 2
lezIO8yg2r4 2015-07-02 0 0 0 0 0 19 8 4 1 3
lezIO8yg2r4 2015-07-03 1 0 0 0 0 9 1 0 1 0
lezIO8yg2r4 2015-07-04 0 0 0 0 0 10 4 2 0 2
lezIO8yg2r4 2015-07-05 1 0 0 0 0 19 5 3 1 1
lezIO8yg2r4 2015-07-06 1 1 0 0 1 20 6 4 1 1
lezIO8yg2r4 2015-07-07 2 2 1 0 1 31 4 4 0 0
lezIO8yg2r4 2015-07-08 1 0 0 0 0 16 2 1 0 1
lezIO8yg2r4 2015-07-09 1 0 0 0 0 45 27 18 6 3
lezIO8yg2r4 2015-07-10 0 0 0 0 0 36 16 10 2 4
lezIO8yg2r4 2015-07-11 0 0 0 0 0 21 9 4 2 3
lezIO8yg2r4 2015-07-12 1 0 0 0 0 32 14 6 6 2
lezIO8yg2r4 2015-07-13 0 0 0 0 0 25 18 11 4 3
lezIO8yg2r4 2015-07-14 0 0 0 0 0 28 12 6 3 3
lezIO8yg2r4 2015-07-15 0 0 0 0 0 19 8 6 0 2
lezIO8yg2r4 2015-07-16 2 1 1 0 0 11 4 3 0 1
lezIO8yg2r4 2015-07-17 0 0 0 0 0 11 3 3 0 0
lezIO8yg2r4 2015-07-18 0 0 0 0 0 17 5 3 0 2
lezIO8yg2r4 2015-07-19 0 0 0 0 0 11 0 0 0 0
lezIO8yg2r4 2015-07-20 0 0 0 0 0 8 4 3 0 1
lezIO8yg2r4 2015-07-21 0 0 0 0 0 4 1 0 1 0
lezIO8yg2r4 2015-07-22 1 1 0 1 0 14 6 4 1 1
lezIO8yg2r4 2015-07-23 0 0 0 0 0 7 2 1 1 0
lezIO8yg2r4 2015-07-24 0 0 0 0 0 4 2 1 1 0
lezIO8yg2r4 2015-07-25 0 0 0 0 0 11 4 2 0 2
lezIO8yg2r4 2015-07-26 2 2 1 1 0 14 4 3 0 1
lezIO8yg2r4 2015-07-27 0 0 0 0 0 17 4 3 0 1
lezIO8yg2r4 2015-07-28 1 0 0 0 0 11 2 2 0 0
lezIO8yg2r4 2015-07-29 1 1 1 0 0 20 7 5 1 1
lezIO8yg2r4 2015-07-30 1 1 0 0 1 16 6 4 1 1
lezIO8yg2r4 2015-07-31 2 1 1 0 0 12 5 2 0 3
lezIO8yg2r4 2015-08-01 2 1 1 0 0 11 6 4 1 1
lezIO8yg2r4 2015-08-02 1 1 1 0 0 24 12 9 1 2
lezIO8yg2r4 2015-08-03 0 0 0 0 0 15 6 3 1 2
lezIO8yg2r4 2015-08-04 0 0 0 0 0 8 4 1 1 2
lezIO8yg2r4 2015-08-05 1 1 0 0 1 13 9 7 0 2
lezIO8yg2r4 2015-08-06 0 0 0 0 0 10 1 1 0 0
lezIO8yg2r4 2015-08-07 0 0 0 0 0 26 12 11 0 1
lezIO8yg2r4 2015-08-08 0 0 0 0 0 3 3 2 0 1
lezIO8yg2r4 2015-08-09 2 0 0 0 0 12 8 7 1 0
lezIO8yg2r4 2015-08-10 1 1 1 0 0 6 3 3 0 0
lezIO8yg2r4 2015-08-11 2 0 0 0 0 9 2 2 0 0
lezIO8yg2r4 2015-08-12 1 1 0 1 0 14 4 2 2 0
lezIO8yg2r4 2015-08-13 1 1 1 0 0 16 5 4 0 1
lezIO8yg2r4 2015-08-14 2 2 2 0 0 13 9 7 1 1
lezIO8yg2r4 2015-08-15 1 0 0 0 0 13 4 2 1 1
lezIO8yg2r4 2015-08-16 3 2 1 0 1 8 0 0 0 0
lezIO8yg2r4 2015-08-17 1 1 1 0 0 4 4 1 3 0
lezIO8yg2r4 2015-08-18 2 0 0 0 0 14 5 5 0 0
lezIO8yg2r4 2015-08-19 0 0 0 0 0 9 4 2 1 1
lezIO8yg2r4 2015-08-20 0 0 0 0 0 19 12 4 0 8
lezIO8yg2r4 2015-08-21 0 0 0 0 0 13 5 4 0 1
lezIO8yg2r4 2015-08-22 3 3 0 1 2 9 2 2 0 0
lezIO8yg2r4 2015-08-23 1 1 1 0 0 12 6 5 1 0
lezIO8yg2r4 2015-08-24 0 0 0 0 0 3 1 0 0 1
lezIO8yg2r4 2015-08-25 1 0 0 0 0 7 2 1 1 0
lezIO8yg2r4 2015-08-26 1 0 0 0 0 8 3 2 0 1
lezIO8yg2r4 2015-08-27 2 2 1 0 1 16 5 3 1 1
lezIO8yg2r4 2015-08-28 0 0 0 0 0 6 3 2 1 0
lezIO8yg2r4 2015-08-29 1 1 1 0 0 6 4 3 0 1
lezIO8yg2r4 2015-08-30 1 0 0 0 0 22 7 5 1 1
lezIO8yg2r4 2015-08-31 0 0 0 0 0 12 3 2 0 1
lezIO8yg2r4 2015-09-01 1 0 0 0 0 7 2 0 1 1
lezIO8yg2r4 2015-09-02 1 0 0 0 0 8 3 1 1 1
lezIO8yg2r4 2015-09-03 1 0 0 0 0 3 1 0 0 1
lezIO8yg2r4 2015-09-04 2 1 0 0 1 5 1 0 1 0
lezIO8yg2r4 2015-09-05 0 0 0 0 0 5 3 0 3 0
lezIO8yg2r4 2015-09-06 2 2 1 0 1 2 2 1 0 1
lezIO8yg2r4 2015-09-07 2 1 0 0 1 7 4 4 0 0
lezIO8yg2r4 2015-09-08 0 0 0 0 0 3 0 0 0 0
lezIO8yg2r4 2015-09-09 1 1 1 0 0 5 2 2 0 0
lezIO8yg2r4 2015-09-10 0 0 0 0 0 4 2 2 0 0
lezIO8yg2r4 2015-09-11 0 0 0 0 0 9 2 1 0 1
lezIO8yg2r4 2015-09-12 1 1 0 1 0 5 0 0 0 0
lezIO8yg2r4 2015-09-13 0 0 0 0 0 13 4 1 1 2
lezIO8yg2r4 2015-09-14 1 0 0 0 0 13 8 7 0 1
lezIO8yg2r4 2015-09-15 1 1 0 1 0 9 2 1 1 0
lezIO8yg2r4 2015-09-16 0 0 0 0 0 3 1 0 0 1
lezIO8yg2r4 2015-09-17 0 0 0 0 0 4 1 1 0 0
lezIO8yg2r4 2015-09-18 3 2 2 0 0 9 6 1 0 5
lezIO8yg2r4 2015-09-19 0 0 0 0 0 9 4 1 2 1
lezIO8yg2r4 2015-09-20 3 2 1 0 1 8 4 2 0 2
lezIO8yg2r4 2015-09-21 0 0 0 0 0 5 0 0 0 0
lezIO8yg2r4 2015-09-22 0 0 0 0 0 11 3 2 1 0
lezIO8yg2r4 2015-09-23 0 0 0 0 0 5 2 2 0 0
lezIO8yg2r4 2015-09-24 1 1 0 1 0 7 2 2 0 0
lezIO8yg2r4 2015-09-25 1 0 0 0 0 5 3 3 0 0
lezIO8yg2r4 2015-09-26 1 1 0 1 0 13 4 2 2 0
lezIO8yg2r4 2015-09-27 0 0 0 0 0 15 6 2 1 3
lezIO8yg2r4 2015-09-28 0 0 0 0 0 8 5 0 4 1
lezIO8yg2r4 2015-09-29 1 1 0 1 0 6 2 0 0 2
lezIO8yg2r4 2015-09-30 0 0 0 0 0 5 1 0 1 0
lezIO8yg2r4 2015-10-01 0 0 0 0 0 11 1 1 0 0
lezIO8yg2r4 2015-10-02 0 0 0 0 0 8 3 0 0 3
lezIO8yg2r4 2015-10-03 0 0 0 0 0 6 1 1 0 0
lezIO8yg2r4 2015-10-04 0 0 0 0 0 9 4 3 0 1
lezIO8yg2r4 2015-10-05 0 0 0 0 0 6 3 3 0 0
lezIO8yg2r4 2015-10-06 0 0 0 0 0 4 1 1 0 0
lezIO8yg2r4 2015-10-07 0 0 0 0 0 8 1 1 0 0
lezIO8yg2r4 2015-10-08 2 0 0 0 0 5 0 0 0 0
lezIO8yg2r4 2015-10-09 0 0 0 0 0 2 1 0 1 0
lezIO8yg2r4 2015-10-10 0 0 0 0 0 8 2 0 0 2
lezIO8yg2r4 2015-10-11 0 0 0 0 0 7 4 2 0 2
lezIO8yg2r4 2015-10-12 0 0 0 0 0 1 0 0 0 0
lezIO8yg2r4 2015-10-13 1 1 0 1 0 11 3 3 0 0
lezIO8yg2r4 2015-10-14 0 0 0 0 0 6 1 1 0 0
lezIO8yg2r4 2015-10-15 1 0 0 0 0 6 0 0 0 0
lezIO8yg2r4 2015-10-16 0 0 0 0 0 16 3 1 0 2
lezIO8yg2r4 2015-10-17 1 0 0 0 0 7 1 1 0 0
lezIO8yg2r4 2015-10-18 0 0 0 0 0 11 6 3 2 1
lezIO8yg2r4 2015-10-19 0 0 0 0 0 16 2 1 0 1
lezIO8yg2r4 2015-10-20 0 0 0 0 0 12 3 2 0 1
lezIO8yg2r4 2015-10-21 0 0 0 0 0 10 6 5 1 0
lezIO8yg2r4 2015-10-22 0 0 0 0 0 13 7 6 0 1
lezIO8yg2r4 2015-10-23 0 0 0 0 0 13 7 4 0 3
lezIO8yg2r4 2015-10-24 0 0 0 0 0 9 2 2 0 0
lezIO8yg2r4 2015-10-25 0 0 0 0 0 13 8 7 0 1
lezIO8yg2r4 2015-10-26 1 1 0 1 0 9 2 0 0 2
lezIO8yg2r4 2015-10-27 0 0 0 0 0 7 4 4 0 0
lezIO8yg2r4 2015-10-28 1 1 1 0 0 6 3 1 2 0
lezIO8yg2r4 2015-10-29 0 0 0 0 0 8 4 2 1 1
lezIO8yg2r4 2015-10-30 0 0 0 0 0 18 3 2 0 1
lezIO8yg2r4 2015-10-31 0 0 0 0 0 7 1 1 0 0
lezIO8yg2r4 2015-11-01 0 0 0 0 0 19 10 7 1 2
lezIO8yg2r4 2015-11-02 2 0 0 0 0 9 3 1 0 2
lezIO8yg2r4 2015-11-03 0 0 0 0 0 7 2 1 0 1
lezIO8yg2r4 2015-11-04 1 0 0 0 0 10 2 1 0 1
lezIO8yg2r4 2015-11-05 0 0 0 0 0 6 2 2 0 0
lezIO8yg2r4 2015-11-06 0 0 0 0 0 8 2 2 0 0
lezIO8yg2r4 2015-11-07 0 0 0 0 0 5 2 1 0 1
lezIO8yg2r4 2015-11-08 0 0 0 0 0 12 3 1 0 2
lezIO8yg2r4 2015-11-09 0 0 0 0 0 7 2 2 0 0
lezIO8yg2r4 2015-11-10 1 1 1 0 0 26 8 6 0 2
lezIO8yg2r4 2015-11-11 0 0 0 0 0 13 4 1 2 1
lezIO8yg2r4 2015-11-12 3 2 0 1 1 17 4 3 0 1
lezIO8yg2r4 2015-11-13 2 0 0 0 0 19 11 6 3 2
lezIO8yg2r4 2015-11-14 0 0 0 0 0 23 6 5 0 1
lezIO8yg2r4 2015-11-15 2 1 0 1 0 56 16 11 0 5
lezIO8yg2r4 2015-11-16 1 0 0 0 0 16 8 5 1 2
lezIO8yg2r4 2015-11-17 2 2 0 0 2 23 16 9 5 2
lezIO8yg2r4 2015-11-18 3 0 0 0 0 20 9 7 1 1
lezIO8yg2r4 2015-11-19 1 0 0 0 0 23 9 9 0 0
lezIO8yg2r4 2015-11-20 0 0 0 0 0 23 10 7 1 2
lezIO8yg2r4 2015-11-21 3 3 2 0 1 49 24 14 4 6
lezIO8yg2r4 2015-11-22 2 1 0 1 0 17 5 2 2 1
lezIO8yg2r4 2015-11-23 0 0 0 0 0 19 5 3 0 2
lezIO8yg2r4 2015-11-24 0 0 0 0 0 24 20 13 4 3
lezIO8yg2r4 2015-11-25 2 1 0 0 1 5 2 1 1 0
lezIO8yg2r4 2015-11-26 1 1 1 0 0 16 11 8 0 3
lezIO8yg2r4 2015-11-27 0 0 0 0 0 9 1 0 1 0
lezIO8yg2r4 2015-11-28 2 2 0 0 2 9 4 1 0 3
lezIO8yg2r4 2015-11-29 0 0 0 0 0 10 3 2 1 0
lezIO8yg2r4 2015-11-30 0 0 0 0 0 16 10 4 0 6
lezIO8yg2r4 2015-12-01 1 0 0 0 0 14 9 7 0 2
lezIO8yg2r4 2015-12-02 3 3 0 2 1 10 4 3 1 0
lezIO8yg2r4 2015-12-03 6 6 0 3 3 19 6 5 0 1
lezIO8yg2r4 2015-12-04 4 4 1 1 2 16 4 3 1 0
lezIO8yg2r4 2015-12-05 3 3 0 1 2 11 5 1 3 1
lezIO8yg2r4 2015-12-06 6 1 0 0 1 12 8 5 1 2
lezIO8yg2r4 2015-12-07 16 11 2 0 9 19 7 6 0 1
lezIO8yg2r4 2015-12-08 13 8 4 1 3 13 8 4 2 2
lezIO8yg2r4 2015-12-09 2 1 0 0 1 10 5 2 1 2
lezIO8yg2r4 2015-12-10 1 1 0 0 1 13 5 4 0 1
lezIO8yg2r4 2015-12-11 1 0 0 0 0 24 15 9 3 3
lezIO8yg2r4 2015-12-12 0 0 0 0 0 12 6 3 1 2
lezIO8yg2r4 2015-12-13 1 1 1 0 0 11 5 2 2 1
lezIO8yg2r4 2015-12-14 0 0 0 0 0 18 6 3 3 0
lezIO8yg2r4 2015-12-15 2 2 0 0 2 20 10 8 0 2
lezIO8yg2r4 2015-12-16 0 0 0 0 0 14 5 2 2 1
lezIO8yg2r4 2015-12-17 0 0 0 0 0 13 3 2 1 0
lezIO8yg2r4 2015-12-18 2 1 0 0 1 22 7 3 0 4
lezIO8yg2r4 2015-12-19 4 1 0 1 0 17 7 5 0 2
lezIO8yg2r4 2015-12-20 6 4 0 0 4 15 5 3 1 1
lezIO8yg2r4 2015-12-21 4 4 0 2 2 10 3 2 0 1
lezIO8yg2r4 2015-12-22 3 2 0 0 2 28 7 4 1 2
lezIO8yg2r4 2015-12-23 3 0 0 0 0 19 12 9 0 3
lezIO8yg2r4 2015-12-24 6 4 0 0 4 24 15 5 0 10
lezIO8yg2r4 2015-12-25 20 12 6 1 5 12 3 3 0 0
lezIO8yg2r4 2015-12-26 25 18 11 3 4 21 8 3 3 2
lezIO8yg2r4 2015-12-27 6 4 4 0 0 9 2 1 0 1
lezIO8yg2r4 2015-12-28 9 7 4 2 1 12 5 4 1 0
lezIO8yg2r4 2015-12-29 3 1 0 0 1 18 10 4 0 6
lezIO8yg2r4 2015-12-30 14 7 3 0 4 19 7 6 0 1
lezIO8yg2r4 2015-12-31 20 12 9 0 3 16 11 6 0 5
lezIO8yg2r4 2016-01-01 18 5 3 0 2 6 1 1 0 0
lezIO8yg2r4 2016-01-02 13 10 7 0 3 8 2 0 0 2
lezIO8yg2r4 2016-01-03 7 5 3 1 1 26 20 15 1 4
lezIO8yg2r4 2016-01-04 8 7 0 5 2 18 6 4 0 2
lezIO8yg2r4 2016-01-05 0 0 0 0 0 17 7 6 0 1
lezIO8yg2r4 2016-01-06 0 0 0 0 0 25 9 4 0 5
lezIO8yg2r4 2016-01-07 3 1 0 0 1 27 11 8 2 1
lezIO8yg2r4 2016-01-08 8 2 0 0 2 13 6 3 0 3
lezIO8yg2r4 2016-01-09 4 1 0 0 1 17 9 8 0 1
lezIO8yg2r4 2016-01-10 5 4 0 1 3 31 11 6 2 3
lezIO8yg2r4 2016-01-11 3 3 2 0 1 19 3 3 0 0
lezIO8yg2r4 2016-01-12 2 1 0 1 0 18 4 2 1 1
lezIO8yg2r4 2016-01-13 1 1 0 0 1 23 8 5 1 2
lezIO8yg2r4 2016-01-14 2 1 1 0 0 30 7 4 1 2
lezIO8yg2r4 2016-01-15 2 0 0 0 0 36 13 7 1 5
lezIO8yg2r4 2016-01-16 2 0 0 0 0 27 8 6 0 2
lezIO8yg2r4 2016-01-17 2 0 0 0 0 11 2 1 0 1
lezIO8yg2r4 2016-01-18 0 0 0 0 0 21 4 3 0 1
lezIO8yg2r4 2016-01-19 3 2 0 0 2 20 5 3 0 2
lezIO8yg2r4 2016-01-20 0 0 0 0 0 17 5 2 1 2
lezIO8yg2r4 2016-01-21 0 0 0 0 0 14 6 4 0 2
lezIO8yg2r4 2016-01-22 2 1 1 0 0 12 3 0 0 3
lezIO8yg2r4 2016-01-23 5 3 0 0 3 19 6 6 0 0
lezIO8yg2r4 2016-01-24 2 0 0 0 0 18 6 2 2 2
lezIO8yg2r4 2016-01-25 1 0 0 0 0 8 3 2 0 1
lezIO8yg2r4 2016-01-26 4 3 0 0 3 7 0 0 0 0
lezIO8yg2r4 2016-01-27 4 3 1 0 2 13 3 2 0 1
lezIO8yg2r4 2016-01-28 0 0 0 0 0 20 14 5 1 8
lezIO8yg2r4 2016-01-29 3 1 1 0 0 24 3 1 0 2
lezIO8yg2r4 2016-01-30 0 0 0 0 0 18 7 2 1 4
lezIO8yg2r4 2016-01-31 8 4 1 0 3 16 8 3 1 4
lezIO8yg2r4 2016-02-01 11 9 5 1 3 10 2 2 0 0
lezIO8yg2r4 2016-02-02 8 3 1 0 2 11 4 4 0 0
lezIO8yg2r4 2016-02-03 27 15 5 3 7 33 10 6 2 2
lezIO8yg2r4 2016-02-04 19 13 7 0 6 18 8 3 1 4
lezIO8yg2r4 2016-02-05 15 6 4 1 1 20 9 4 0 5
lezIO8yg2r4 2016-02-06 18 10 7 0 3 15 11 8 0 3
lezIO8yg2r4 2016-02-07 27 14 5 1 8 22 11 3 5 3
lezIO8yg2r4 2016-02-08 16 10 4 0 6 17 8 6 1 1
lezIO8yg2r4 2016-02-09 2 0 0 0 0 19 9 5 2 2
lezIO8yg2r4 2016-02-10 2 1 0 0 1 27 1 1 0 0
lezIO8yg2r4 2016-02-11 0 0 0 0 0 7 1 1 0 0
lezIO8yg2r4 2016-02-12 5 2 1 1 0 5 3 2 0 1
lezIO8yg2r4 2016-02-13 4 3 1 0 2 14 7 6 0 1
lezIO8yg2r4 2016-02-14 9 4 2 0 2 9 4 0 2 2
lezIO8yg2r4 2016-02-15 9 7 2 0 5 21 7 4 2 1
lezIO8yg2r4 2016-02-16 16 6 1 1 4 20 6 3 1 2
lezIO8yg2r4 2016-02-17 11 3 1 0 2 17 11 4 1 6
lezIO8yg2r4 2016-02-18 5 4 2 2 0 17 7 5 1 1
lezIO8yg2r4 2016-02-19 4 2 0 2 0 30 14 7 1 6
lezIO8yg2r4 2016-02-20 3 2 1 0 1 12 6 4 1 1
lezIO8yg2r4 2016-02-21 1 0 0 0 0 18 7 4 2 1
lezIO8yg2r4 2016-02-22 2 1 0 0 1 15 9 4 1 4
lezIO8yg2r4 2016-02-23 3 2 1 0 1 32 19 13 1 5
lezIO8yg2r4 2016-02-24 9 2 0 0 2 14 7 4 3 0
lezIO8yg2r4 2016-02-25 2 1 1 0 0 24 14 8 2 4
lezIO8yg2r4 2016-02-26 12 7 3 0 4 17 9 5 0 4
lezIO8yg2r4 2016-02-27 7 2 0 0 2 27 11 3 2 6
lezIO8yg2r4 2016-02-28 7 3 2 1 0 18 10 6 3 1
lezIO8yg2r4 2016-02-29 10 5 3 1 1 5 3 2 0 1
lezIO8yg2r4 2016-03-01 0 0 0 0 0 21 7 4 1 2
lezIO8yg2r4 2016-03-02 3 2 1 0 1 18 3 2 1 0
lezIO8yg2r4 2016-03-03 9 5 3 1 1 24 12 7 0 5
lezIO8yg2r4 2016-03-04 7 4 1 1 2 11 4 2 0 2
lezIO8yg2r4 2016-03-05 9 6 3 2 1 8 2 1 0 1
lezIO8yg2r4 2016-03-06 7 2 0 2 0 17 11 8 2 1
lezIO8yg2r4 2016-03-07 1 0 0 0 0 9 6 4 0 2
lezIO8yg2r4 2016-03-08 5 3 0 2 1 42 13 5 0 8
lezIO8yg2r4 2016-03-09 2 1 0 0 1 38 10 6 1 3
lezIO8yg2r4 2016-03-10 4 3 1 1 1 18 10 5 2 3
lezIO8yg2r4 2016-03-11 5 3 0 0 3 31 17 7 10 0
lezIO8yg2r4 2016-03-12 3 2 1 0 1 25 14 12 1 1
lezIO8yg2r4 2016-03-13 4 2 1 0 1 20 7 1 2 4
lezIO8yg2r4 2016-03-14 4 0 0 0 0 12 8 4 1 3
lezIO8yg2r4 2016-03-15 3 1 1 0 0 13 9 5 3 1
lezIO8yg2r4 2016-03-16 7 3 3 0 0 16 8 3 1 4
lezIO8yg2r4 2016-03-17 6 3 1 0 2 28 7 3 0 4
lezIO8yg2r4 2016-03-18 0 0 0 0 0 22 9 7 0 2
lezIO8yg2r4 2016-03-19 7 4 1 1 2 11 4 2 1 1
lezIO8yg2r4 2016-03-20 9 5 2 0 3 12 7 3 3 1
lezIO8yg2r4 2016-03-21 3 2 2 0 0 21 6 3 0 3
lezIO8yg2r4 2016-03-22 6 5 4 0 1 25 6 3 0 3
lezIO8yg2r4 2016-03-23 13 7 2 3 2 29 11 6 3 2
lezIO8yg2r4 2016-03-24 9 3 2 0 1 21 13 6 0 7
lezIO8yg2r4 2016-03-25 0 0 0 0 0 35 16 7 2 7
lezIO8yg2r4 2016-03-26 6 2 0 1 1 29 11 7 2 2
lezIO8yg2r4 2016-03-27 4 3 2 0 1 14 8 5 1 2
lezIO8yg2r4 2016-03-28 5 3 1 0 2 24 16 11 3 2
lezIO8yg2r4 2016-03-29 2 2 1 0 1 39 16 14 2 0
lezIO8yg2r4 2016-03-30 4 1 0 0 1 24 14 12 1 1
lezIO8yg2r4 2016-03-31 5 4 1 1 2 41 13 2 1 10
lezIO8yg2r4 2016-04-01 2 2 1 0 1 9 3 2 0 1
lezIO8yg2r4 2016-04-02 3 2 1 0 1 16 8 6 1 1
lezIO8yg2r4 2016-04-03 2 1 0 0 1 20 8 6 1 1
lezIO8yg2r4 2016-04-04 6 5 1 1 3 14 5 2 0 3
lezIO8yg2r4 2016-04-05 5 0 0 0 0 17 7 2 2 3
lezIO8yg2r4 2016-04-06 9 4 3 0 1 22 6 3 2 1
lezIO8yg2r4 2016-04-07 11 4 0 0 4 38 14 9 2 3
lezIO8yg2r4 2016-04-08 8 2 1 1 0 8 4 3 0 1
lezIO8yg2r4 2016-04-09 7 1 0 0 1 10 5 4 0 1
lezIO8yg2r4 2016-04-10 5 0 0 0 0 31 17 6 1 10
lezIO8yg2r4 2016-04-11 10 3 2 0 1 15 6 3 1 2
lezIO8yg2r4 2016-04-12 2 0 0 0 0 10 2 1 1 0
lezIO8yg2r4 2016-04-13 2 1 0 1 0 34 18 16 2 0
lezIO8yg2r4 2016-04-14 2 1 0 1 0 26 9 5 4 0
lezIO8yg2r4 2016-04-15 3 2 1 0 1 19 8 6 1 1
lezIO8yg2r4 2016-04-16 0 0 0 0 0 21 9 8 0 1
lezIO8yg2r4 2016-04-17 7 4 0 2 2 14 4 2 2 0
lezIO8yg2r4 2016-04-18 3 2 0 0 2 18 12 6 4 2
lezIO8yg2r4 2016-04-19 6 6 3 0 3 19 7 5 1 1
lezIO8yg2r4 2016-04-20 9 4 0 2 2 16 6 6 0 0
lezIO8yg2r4 2016-04-21 2 1 0 0 1 12 4 3 0 1
lezIO8yg2r4 2016-04-22 1 0 0 0 0 13 3 2 0 1
lezIO8yg2r4 2016-04-23 1 0 0 0 0 23 10 6 0 4
lezIO8yg2r4 2016-04-24 6 5 2 1 2 23 8 3 1 4
lezIO8yg2r4 2016-04-25 5 3 1 0 2 26 13 10 1 2
lezIO8yg2r4 2016-04-26 5 4 0 0 4 26 14 9 0 5
lezIO8yg2r4 2016-04-27 6 4 1 1 2 26 5 1 0 4
lezIO8yg2r4 2016-04-28 5 3 1 1 1 17 7 3 0 4
lezIO8yg2r4 2016-04-29 6 1 0 0 1 12 7 6 1 0
lezIO8yg2r4 2016-04-30 2 0 0 0 0 19 5 5 0 0
lezIO8yg2r4 2016-05-01 1 1 1 0 0 17 9 6 1 2
lezIO8yg2r4 2016-05-02 2 1 1 0 0 31 21 16 1 4
lezIO8yg2r4 2016-05-03 3 2 0 0 2 25 13 8 2 3
lezIO8yg2r4 2016-05-04 0 0 0 0 0 20 7 3 3 1
lezIO8yg2r4 2016-05-05 0 0 0 0 0 22 6 2 0 4
lezIO8yg2r4 2016-05-06 1 0 0 0 0 14 1 1 0 0
lezIO8yg2r4 2016-05-07 10 4 4 0 0 19 5 4 1 0
lezIO8yg2r4 2016-05-08 7 3 2 0 1 13 6 4 0 2
lezIO8yg2r4 2016-05-09 3 3 1 0 2 15 1 0 0 1
lezIO8yg2r4 2016-05-10 3 3 2 1 0 19 4 3 0 1
lezIO8yg2r4 2016-05-11 6 1 1 0 0 13 4 4 0 0
lezIO8yg2r4 2016-05-12 11 7 0 3 4 13 4 2 2 0
lezIO8yg2r4 2016-05-13 3 2 2 0 0 14 7 4 0 3
lezIO8yg2r4 2016-05-14 2 1 0 0 1 6 2 2 0 0
lezIO8yg2r4 2016-05-15 4 2 1 0 1 6 3 1 2 0
lezIO8yg2r4 2016-05-16 4 2 1 0 1 23 6 4 1 1
lezIO8yg2r4 2016-05-17 2 1 1 0 0 18 6 4 1 1
lezIO8yg2r4 2016-05-18 2 2 2 0 0 23 15 11 0 4
lezIO8yg2r4 2016-05-19 3 1 1 0 0 28 13 7 0 6
lezIO8yg2r4 2016-05-20 1 1 0 1 0 39 19 14 1 4
lezIO8yg2r4 2016-05-21 16 11 3 3 5 28 8 6 0 2
lezIO8yg2r4 2016-05-22 7 6 3 1 2 24 12 7 2 3
lezIO8yg2r4 2016-05-23 4 3 2 1 0 22 9 7 1 1
lezIO8yg2r4 2016-05-24 10 8 4 0 4 46 12 5 2 5
lezIO8yg2r4 2016-05-25 3 1 0 1 0 28 14 10 0 4
lezIO8yg2r4 2016-05-26 5 2 1 0 1 44 15 12 1 2
lezIO8yg2r4 2016-05-27 12 5 1 0 4 39 14 9 3 2
lezIO8yg2r4 2016-05-28 6 2 0 2 0 30 12 6 1 5
lezIO8yg2r4 2016-05-29 1 1 0 0 1 26 10 9 0 1
lezIO8yg2r4 2016-05-30 1 0 0 0 0 27 9 5 2 2
lezIO8yg2r4 2016-05-31 7 5 1 2 2 15 6 2 1 3
lezIO8yg2r4 2016-06-01 5 2 0 0 2 28 10 7 1 2
lezIO8yg2r4 2016-06-02 3 3 3 0 0 51 22 18 1 3
lezIO8yg2r4 2016-06-03 5 4 3 1 0 21 12 4 3 5
lezIO8yg2r4 2016-06-04 5 4 3 0 1 36 11 7 0 4
lezIO8yg2r4 2016-06-05 1 0 0 0 0 19 8 4 0 4
lezIO8yg2r4 2016-06-06 5 4 3 0 1 19 9 5 1 3
lezIO8yg2r4 2016-06-07 0 0 0 0 0 38 24 17 3 4
lezIO8yg2r4 2016-06-08 6 4 2 1 1 33 20 12 3 5
lezIO8yg2r4 2016-06-09 2 1 0 0 1 41 14 9 2 3
lezIO8yg2r4 2016-06-10 11 5 5 0 0 31 12 7 0 5
lezIO8yg2r4 2016-06-11 8 4 2 0 2 16 7 6 0 1
lezIO8yg2r4 2016-06-12 8 5 3 2 0 40 16 9 2 5
lezIO8yg2r4 2016-06-13 4 2 1 1 0 27 6 4 0 2
lezIO8yg2r4 2016-06-14 3 2 2 0 0 53 25 11 3 11
lezIO8yg2r4 2016-06-15 8 6 3 1 2 28 5 2 1 2
lezIO8yg2r4 2016-06-16 3 1 1 0 0 29 11 4 1 6
lezIO8yg2r4 2016-06-17 2 0 0 0 0 35 13 9 2 2
lezIO8yg2r4 2016-06-18 7 4 2 2 0 30 9 8 0 1
lezIO8yg2r4 2016-06-19 15 4 1 1 2 49 19 14 1 4
lezIO8yg2r4 2016-06-20 8 4 1 0 3 23 9 4 2 3
lezIO8yg2r4 2016-06-21 10 5 3 1 1 30 14 9 0 5
lezIO8yg2r4 2016-06-22 3 0 0 0 0 48 14 13 1 0
lezIO8yg2r4 2016-06-23 11 6 3 1 2 46 18 11 1 6
lezIO8yg2r4 2016-06-24 8 4 1 2 1 47 29 26 2 1
lezIO8yg2r4 2016-06-25 6 5 2 0 3 35 16 5 0 11
lezIO8yg2r4 2016-06-26 3 1 1 0 0 46 12 7 1 4
lezIO8yg2r4 2016-06-27 5 1 1 0 0 38 15 9 0 6
lezIO8yg2r4 2016-06-28 5 4 3 1 0 32 11 5 3 3
lezIO8yg2r4 2016-06-29 3 3 1 2 0 36 15 10 2 3
lezIO8yg2r4 2016-06-30 4 1 1 0 0 35 15 10 1 4
lezIO8yg2r4 2016-07-01 6 2 1 1 0 37 8 8 0 0
lezIO8yg2r4 2016-07-02 6 3 2 0 1 52 24 19 0 5
lezIO8yg2r4 2016-07-03 4 1 1 0 0 34 12 3 1 8
lezIO8yg2r4 2016-07-04 6 2 2 0 0 36 18 4 5 9
lezIO8yg2r4 2016-07-05 7 3 2 1 0 51 16 8 4 4
lezIO8yg2r4 2016-07-06 4 1 1 0 0 29 13 7 1 5
lezIO8yg2r4 2016-07-07 4 1 1 0 0 32 12 9 2 1
lezIO8yg2r4 2016-07-08 8 5 3 1 1 20 10 7 1 2
lezIO8yg2r4 2016-07-09 4 2 0 0 2 38 14 7 3 4
lezIO8yg2r4 2016-07-10 2 2 1 0 1 43 20 5 2 13
lezIO8yg2r4 2016-07-11 11 6 3 2 1 33 12 3 0 9
lezIO8yg2r4 2016-07-12 14 8 6 0 2 43 12 8 0 4
lezIO8yg2r4 2016-07-13 10 3 2 1 0 39 14 7 1 6
lezIO8yg2r4 2016-07-14 6 5 1 2 2 25 9 7 0 2
lezIO8yg2r4 2016-07-15 4 3 0 2 1 29 9 3 2 4
lezIO8yg2r4 2016-07-16 2 2 0 0 2 49 26 12 6 8
lezIO8yg2r4 2016-07-17 1 1 0 0 1 25 12 7 1 4
lezIO8yg2r4 2016-07-18 4 1 1 0 0 37 15 8 2 5
lezIO8yg2r4 2016-07-19 5 1 1 0 0 50 14 12 1 1
lezIO8yg2r4 2016-07-20 3 2 1 0 1 35 13 9 2 2
lezIO8yg2r4 2016-07-21 4 3 3 0 0 61 36 21 2 13
lezIO8yg2r4 2016-07-22 5 2 1 0 1 43 15 8 2 5
lezIO8yg2r4 2016-07-23 4 3 0 2 1 42 14 7 2 5
lezIO8yg2r4 2016-07-24 1 0 0 0 0 49 18 14 1 3
lezIO8yg2r4 2016-07-25 1 0 0 0 0 36 16 8 3 5
lezIO8yg2r4 2016-07-26 6 5 2 0 3 43 17 11 2 4
lezIO8yg2r4 2016-07-27 4 2 1 1 0 50 20 16 0 4
lezIO8yg2r4 2016-07-28 2 2 2 0 0 35 7 6 0 1
lezIO8yg2r4 2016-07-29 9 7 2 4 1 42 17 9 1 7
lezIO8yg2r4 2016-07-30 5 3 0 0 3 73 26 12 4 10
lezIO8yg2r4 2016-07-31 5 0 0 0 0 23 11 6 2 3
lezIO8yg2r4 2016-08-01 2 2 0 1 1 36 20 9 2 9
