video date target_total target_isis target_happy target_sad target_angry total isis happy sad angry
M6mKw7hC2p0 2015-06-01 0 0 0 0 0 0 0 0 0 0
M6mKw7hC2p0 2015-06-02 1 0 0 0 0 0 0 0 0 0
M6mKw7hC2p0 2015-06-03 0 0 0 0 0 0 0 0 0 0
M6mKw7hC2p0 2015-06-04 1 1 0 0 1 0 0 0 0 0
M6mKw7hC2p0 2015-06-05 0 0 0 0 0 0 0 0 0 0
M6mKw7hC2p0 2015-06-06 0 0 0 0 0 0 0 0 0 0
M6mKw7hC2p0 2015-06-07 2 0 0 0 0 0 0 0 0 0
M6mKw7hC2p0 2015-06-08 0 0 0 0 0 0 0 0 0 0
M6mKw7hC2p0 2015-06-09 0 0 0 0 0 0 0 0 0 0
M6mKw7hC2p0 2015-06-10 1 0 0 0 0 0 0 0 0 0
M6mKw7hC2p0 2015-06-11 0 0 0 0 0 0 0 0 0 0
M6mKw7hC2p0 2015-06-12 1 0 0 0 0 0 0 0 0 0
M6mKw7hC2p0 2015-06-13 0 0 0 0 0 0 0 0 0 0
M6mKw7hC2p0 2015-06-14 0 0 0 0 0 0 0 0 0 0
M6mKw7hC2p0 2015-06-15 0 0 0 0 0 0 0 0 0 0
M6mKw7hC2p0 2015-06-16 0 0 0 0 0 0 0 0 0 0
M6mKw7hC2p0 2015-06-17 3 3 2 0 1 0 0 0 0 0
M6mKw7hC2p0 2015-06-18 5 2 1 0 1 0 0 0 0 0
M6mKw7hC2p0 2015-06-19 0 0 0 0 0 0 0 0 0 0
M6mKw7hC2p0 2015-06-20 0 0 0 0 0 0 0 0 0 0
M6mKw7hC2p0 2015-06-21 0 0 0 0 0 0 0 0 0 0
M6mKw7hC2p0 2015-06-22 1 0 0 0 0 0 0 0 0 0
M6mKw7hC2p0 2015-06-23 0 0 0 0 0 0 0 0 0 0
M6mKw7hC2p0 2015-06-24 0 0 0 0 0 0 0 0 0 0
M6mKw7hC2p0 2015-06-25 1 0 0 0 0 0 0 0 0 0
M6mKw7hC2p0 2015-06-26 0 0 0 0 0 0 0 0 0 0
M6mKw7hC2p0 2015-06-27 0 0 0 0 0 0 0 0 0 0
M6mKw7hC2p0 2015-06-28 0 0 0 0 0 0 0 0 0 0
M6mKw7hC2p0 2015-06-29 0 0 0 0 0 0 0 0 0 0
M6mKw7hC2p0 2015-06-30 0 0 0 0 0 0 0 0 0 0
M6mKw7hC2p0 2015-07-01 0 0 0 0 0 0 0 0 0 0
M6mKw7hC2p0 2015-07-02 5 1 1 0 0 0 0 0 0 0
M6mKw7hC2p0 2015-07-03 0 0 0 0 0 0 0 0 0 0
M6mKw7hC2p0 2015-07-04 2 0 0 0 0 0 0 0 0 0
M6mKw7hC2p0 2015-07-05 1 0 0 0 0 0 0 0 0 0
M6mKw7hC2p0 2015-07-06 0 0 0 0 0 0 0 0 0 0
M6mKw7hC2p0 2015-07-07 0 0 0 0 0 0 0 0 0 0
M6mKw7hC2p0 2015-07-08 0 0 0 0 0 0 0 0 0 0
M6mKw7hC2p0 2015-07-09 0 0 0 0 0 0 0 0 0 0
M6mKw7hC2p0 2015-07-10 0 0 0 0 0 0 0 0 0 0
M6mKw7hC2p0 2015-07-11 1 0 0 0 0 0 0 0 0 0
M6mKw7hC2p0 2015-07-12 5 1 0 1 0 2 0 0 0 0
M6mKw7hC2p0 2015-07-13 1 0 0 0 0 0 0 0 0 0
M6mKw7hC2p0 2015-07-14 3 1 0 0 1 0 0 0 0 0
M6mKw7hC2p0 2015-07-15 1 0 0 0 0 0 0 0 0 0
M6mKw7hC2p0 2015-07-16 0 0 0 0 0 0 0 0 0 0
M6mKw7hC2p0 2015-07-17 9 2 2 0 0 0 0 0 0 0
M6mKw7hC2p0 2015-07-18 0 0 0 0 0 0 0 0 0 0
M6mKw7hC2p0 2015-07-19 0 0 0 0 0 0 0 0 0 0
M6mKw7hC2p0 2015-07-20 0 0 0 0 0 0 0 0 0 0
M6mKw7hC2p0 2015-07-21 1 0 0 0 0 0 0 0 0 0
M6mKw7hC2p0 2015-07-22 0 0 0 0 0 0 0 0 0 0
M6mKw7hC2p0 2015-07-23 2 1 0 0 1 0 0 0 0 0
M6mKw7hC2p0 2015-07-24 3 0 0 0 0 0 0 0 0 0
M6mKw7hC2p0 2015-07-25 2 0 0 0 0 0 0 0 0 0
M6mKw7hC2p0 2015-07-26 1 0 0 0 0 0 0 0 0 0
M6mKw7hC2p0 2015-07-27 2 0 0 0 0 0 0 0 0 0
M6mKw7hC2p0 2015-07-28 1 0 0 0 0 0 0 0 0 0
M6mKw7hC2p0 2015-07-29 2 1 1 0 0 0 0 0 0 0
M6mKw7hC2p0 2015-07-30 0 0 0 0 0 0 0 0 0 0
M6mKw7hC2p0 2015-07-31 1 0 0 0 0 0 0 0 0 0
M6mKw7hC2p0 2015-08-01 4 3 0 0 3 0 0 0 0 0
M6mKw7hC2p0 2015-08-02 2 0 0 0 0 0 0 0 0 0
M6mKw7hC2p0 2015-08-03 1 0 0 0 0 0 0 0 0 0
M6mKw7hC2p0 2015-08-04 1 0 0 0 0 0 0 0 0 0
M6mKw7hC2p0 2015-08-05 1 0 0 0 0 0 0 0 0 0
M6mKw7hC2p0 2015-08-06 1 1 0 0 1 0 0 0 0 0
M6mKw7hC2p0 2015-08-07 2 1 0 0 1 0 0 0 0 0
M6mKw7hC2p0 2015-08-08 1 0 0 0 0 0 0 0 0 0
M6mKw7hC2p0 2015-08-09 2 0 0 0 0 0 0 0 0 0
M6mKw7hC2p0 2015-08-10 3 2 1 0 1 0 0 0 0 0
M6mKw7hC2p0 2015-08-11 4 0 0 0 0 0 0 0 0 0
M6mKw7hC2p0 2015-08-12 2 1 1 0 0 0 0 0 0 0
M6mKw7hC2p0 2015-08-13 2 0 0 0 0 0 0 0 0 0
M6mKw7hC2p0 2015-08-14 2 0 0 0 0 0 0 0 0 0
M6mKw7hC2p0 2015-08-15 0 0 0 0 0 0 0 0 0 0
M6mKw7hC2p0 2015-08-16 1 0 0 0 0 0 0 0 0 0
M6mKw7hC2p0 2015-08-17 1 0 0 0 0 0 0 0 0 0
M6mKw7hC2p0 2015-08-18 3 1 1 0 0 0 0 0 0 0
M6mKw7hC2p0 2015-08-19 0 0 0 0 0 0 0 0 0 0
M6mKw7hC2p0 2015-08-20 3 0 0 0 0 0 0 0 0 0
M6mKw7hC2p0 2015-08-21 4 1 1 0 0 0 0 0 0 0
M6mKw7hC2p0 2015-08-22 1 0 0 0 0 0 0 0 0 0
M6mKw7hC2p0 2015-08-23 1 0 0 0 0 0 0 0 0 0
M6mKw7hC2p0 2015-08-24 0 0 0 0 0 0 0 0 0 0
M6mKw7hC2p0 2015-08-25 3 2 1 0 1 0 0 0 0 0
M6mKw7hC2p0 2015-08-26 1 0 0 0 0 0 0 0 0 0
M6mKw7hC2p0 2015-08-27 3 0 0 0 0 0 0 0 0 0
M6mKw7hC2p0 2015-08-28 4 0 0 0 0 0 0 0 0 0
M6mKw7hC2p0 2015-08-29 0 0 0 0 0 0 0 0 0 0
M6mKw7hC2p0 2015-08-30 1 0 0 0 0 0 0 0 0 0
M6mKw7hC2p0 2015-08-31 4 1 0 0 1 0 0 0 0 0
M6mKw7hC2p0 2015-09-01 0 0 0 0 0 0 0 0 0 0
M6mKw7hC2p0 2015-09-02 0 0 0 0 0 0 0 0 0 0
M6mKw7hC2p0 2015-09-03 1 0 0 0 0 0 0 0 0 0
M6mKw7hC2p0 2015-09-04 2 1 0 1 0 0 0 0 0 0
M6mKw7hC2p0 2015-09-05 0 0 0 0 0 0 0 0 0 0
M6mKw7hC2p0 2015-09-06 0 0 0 0 0 0 0 0 0 0
M6mKw7hC2p0 2015-09-07 0 0 0 0 0 0 0 0 0 0
M6mKw7hC2p0 2015-09-08 0 0 0 0 0 0 0 0 0 0
M6mKw7hC2p0 2015-09-09 0 0 0 0 0 0 0 0 0 0
M6mKw7hC2p0 2015-09-10 0 0 0 0 0 0 0 0 0 0
M6mKw7hC2p0 2015-09-11 0 0 0 0 0 0 0 0 0 0
M6mKw7hC2p0 2015-09-12 0 0 0 0 0 0 0 0 0 0
M6mKw7hC2p0 2015-09-13 1 0 0 0 0 0 0 0 0 0
M6mKw7hC2p0 2015-09-14 2 0 0 0 0 0 0 0 0 0
M6mKw7hC2p0 2015-09-15 0 0 0 0 0 0 0 0 0 0
M6mKw7hC2p0 2015-09-16 0 0 0 0 0 0 0 0 0 0
M6mKw7hC2p0 2015-09-17 0 0 0 0 0 0 0 0 0 0
M6mKw7hC2p0 2015-09-18 0 0 0 0 0 0 0 0 0 0
M6mKw7hC2p0 2015-09-19 0 0 0 0 0 0 0 0 0 0
M6mKw7hC2p0 2015-09-20 1 0 0 0 0 0 0 0 0 0
M6mKw7hC2p0 2015-09-21 0 0 0 0 0 0 0 0 0 0
M6mKw7hC2p0 2015-09-22 0 0 0 0 0 0 0 0 0 0
M6mKw7hC2p0 2015-09-23 0 0 0 0 0 0 0 0 0 0
M6mKw7hC2p0 2015-09-24 0 0 0 0 0 0 0 0 0 0
M6mKw7hC2p0 2015-09-25 0 0 0 0 0 0 0 0 0 0
M6mKw7hC2p0 2015-09-26 0 0 0 0 0 0 0 0 0 0
M6mKw7hC2p0 2015-09-27 3 1 0 0 1 0 0 0 0 0
M6mKw7hC2p0 2015-09-28 3 0 0 0 0 0 0 0 0 0
M6mKw7hC2p0 2015-09-29 0 0 0 0 0 0 0 0 0 0
M6mKw7hC2p0 2015-09-30 0 0 0 0 0 0 0 0 0 0
M6mKw7hC2p0 2015-10-01 0 0 0 0 0 0 0 0 0 0
M6mKw7hC2p0 2015-10-02 0 0 0 0 0 0 0 0 0 0
M6mKw7hC2p0 2015-10-03 0 0 0 0 0 0 0 0 0 0
M6mKw7hC2p0 2015-10-04 0 0 0 0 0 0 0 0 0 0
M6mKw7hC2p0 2015-10-05 1 0 0 0 0 0 0 0 0 0
M6mKw7hC2p0 2015-10-06 1 0 0 0 0 0 0 0 0 0
M6mKw7hC2p0 2015-10-07 0 0 0 0 0 0 0 0 0 0
M6mKw7hC2p0 2015-10-08 1 0 0 0 0 0 0 0 0 0
M6mKw7hC2p0 2015-10-09 0 0 0 0 0 0 0 0 0 0
M6mKw7hC2p0 2015-10-10 1 0 0 0 0 0 0 0 0 0
M6mKw7hC2p0 2015-10-11 0 0 0 0 0 0 0 0 0 0
M6mKw7hC2p0 2015-10-12 0 0 0 0 0 0 0 0 0 0
M6mKw7hC2p0 2015-10-13 0 0 0 0 0 0 0 0 0 0
M6mKw7hC2p0 2015-10-14 0 0 0 0 0 0 0 0 0 0
M6mKw7hC2p0 2015-10-15 1 0 0 0 0 0 0 0 0 0
M6mKw7hC2p0 2015-10-16 2 0 0 0 0 0 0 0 0 0
M6mKw7hC2p0 2015-10-17 0 0 0 0 0 0 0 0 0 0
M6mKw7hC2p0 2015-10-18 0 0 0 0 0 0 0 0 0 0
M6mKw7hC2p0 2015-10-19 0 0 0 0 0 0 0 0 0 0
M6mKw7hC2p0 2015-10-20 0 0 0 0 0 0 0 0 0 0
M6mKw7hC2p0 2015-10-21 3 0 0 0 0 0 0 0 0 0
M6mKw7hC2p0 2015-10-22 3 1 0 0 1 0 0 0 0 0
M6mKw7hC2p0 2015-10-23 1 0 0 0 0 0 0 0 0 0
M6mKw7hC2p0 2015-10-24 0 0 0 0 0 0 0 0 0 0
M6mKw7hC2p0 2015-10-25 0 0 0 0 0 0 0 0 0 0
M6mKw7hC2p0 2015-10-26 0 0 0 0 0 0 0 0 0 0
M6mKw7hC2p0 2015-10-27 0 0 0 0 0 0 0 0 0 0
M6mKw7hC2p0 2015-10-28 1 0 0 0 0 0 0 0 0 0
M6mKw7hC2p0 2015-10-29 2 0 0 0 0 0 0 0 0 0
M6mKw7hC2p0 2015-10-30 0 0 0 0 0 0 0 0 0 0
M6mKw7hC2p0 2015-10-31 0 0 0 0 0 0 0 0 0 0
M6mKw7hC2p0 2015-11-01 1 0 0 0 0 0 0 0 0 0
M6mKw7hC2p0 2015-11-02 1 1 0 0 1 0 0 0 0 0
M6mKw7hC2p0 2015-11-03 4 0 0 0 0 0 0 0 0 0
M6mKw7hC2p0 2015-11-04 3 0 0 0 0 0 0 0 0 0
M6mKw7hC2p0 2015-11-05 2 0 0 0 0 0 0 0 0 0
M6mKw7hC2p0 2015-11-06 0 0 0 0 0 0 0 0 0 0
M6mKw7hC2p0 2015-11-07 1 0 0 0 0 0 0 0 0 0
M6mKw7hC2p0 2015-11-08 0 0 0 0 0 0 0 0 0 0
M6mKw7hC2p0 2015-11-09 0 0 0 0 0 0 0 0 0 0
M6mKw7hC2p0 2015-11-10 3 1 0 0 1 0 0 0 0 0
M6mKw7hC2p0 2015-11-11 2 0 0 0 0 0 0 0 0 0
M6mKw7hC2p0 2015-11-12 1 0 0 0 0 0 0 0 0 0
M6mKw7hC2p0 2015-11-13 7 0 0 0 0 0 0 0 0 0
M6mKw7hC2p0 2015-11-14 2 2 2 0 0 0 0 0 0 0
M6mKw7hC2p0 2015-11-15 2 0 0 0 0 0 0 0 0 0
M6mKw7hC2p0 2015-11-16 4 0 0 0 0 0 0 0 0 0
M6mKw7hC2p0 2015-11-17 9 1 0 0 1 0 0 0 0 0
M6mKw7hC2p0 2015-11-18 3 1 1 0 0 0 0 0 0 0
M6mKw7hC2p0 2015-11-19 1 0 0 0 0 0 0 0 0 0
M6mKw7hC2p0 2015-11-20 1 0 0 0 0 0 0 0 0 0
M6mKw7hC2p0 2015-11-21 2 0 0 0 0 0 0 0 0 0
M6mKw7hC2p0 2015-11-22 1 0 0 0 0 0 0 0 0 0
M6mKw7hC2p0 2015-11-23 0 0 0 0 0 0 0 0 0 0
M6mKw7hC2p0 2015-11-24 4 0 0 0 0 0 0 0 0 0
M6mKw7hC2p0 2015-11-25 0 0 0 0 0 0 0 0 0 0
M6mKw7hC2p0 2015-11-26 1 0 0 0 0 0 0 0 0 0
M6mKw7hC2p0 2015-11-27 1 1 0 0 1 0 0 0 0 0
M6mKw7hC2p0 2015-11-28 2 1 0 0 1 0 0 0 0 0
M6mKw7hC2p0 2015-11-29 0 0 0 0 0 0 0 0 0 0
M6mKw7hC2p0 2015-11-30 1 0 0 0 0 0 0 0 0 0
M6mKw7hC2p0 2015-12-01 6 0 0 0 0 0 0 0 0 0
M6mKw7hC2p0 2015-12-02 0 0 0 0 0 0 0 0 0 0
M6mKw7hC2p0 2015-12-03 3 1 0 0 1 0 0 0 0 0
M6mKw7hC2p0 2015-12-04 2 1 0 0 1 0 0 0 0 0
M6mKw7hC2p0 2015-12-05 1 0 0 0 0 0 0 0 0 0
M6mKw7hC2p0 2015-12-06 0 0 0 0 0 0 0 0 0 0
M6mKw7hC2p0 2015-12-07 2 1 0 0 1 0 0 0 0 0
M6mKw7hC2p0 2015-12-08 1 1 1 0 0 0 0 0 0 0
M6mKw7hC2p0 2015-12-09 1 0 0 0 0 0 0 0 0 0
M6mKw7hC2p0 2015-12-10 0 0 0 0 0 0 0 0 0 0
M6mKw7hC2p0 2015-12-11 0 0 0 0 0 0 0 0 0 0
M6mKw7hC2p0 2015-12-12 1 0 0 0 0 0 0 0 0 0
M6mKw7hC2p0 2015-12-13 1 0 0 0 0 0 0 0 0 0
M6mKw7hC2p0 2015-12-14 0 0 0 0 0 0 0 0 0 0
M6mKw7hC2p0 2015-12-15 2 2 0 0 2 0 0 0 0 0
M6mKw7hC2p0 2015-12-16 3 0 0 0 0 0 0 0 0 0
M6mKw7hC2p0 2015-12-17 1 0 0 0 0 0 0 0 0 0
M6mKw7hC2p0 2015-12-18 0 0 0 0 0 0 0 0 0 0
M6mKw7hC2p0 2015-12-19 1 0 0 0 0 0 0 0 0 0
M6mKw7hC2p0 2015-12-20 2 0 0 0 0 0 0 0 0 0
M6mKw7hC2p0 2015-12-21 1 0 0 0 0 0 0 0 0 0
M6mKw7hC2p0 2015-12-22 3 1 0 0 1 0 0 0 0 0
M6mKw7hC2p0 2015-12-23 0 0 0 0 0 0 0 0 0 0
M6mKw7hC2p0 2015-12-24 3 0 0 0 0 0 0 0 0 0
M6mKw7hC2p0 2015-12-25 1 0 0 0 0 0 0 0 0 0
M6mKw7hC2p0 2015-12-26 1 0 0 0 0 0 0 0 0 0
M6mKw7hC2p0 2015-12-27 1 1 0 0 1 0 0 0 0 0
M6mKw7hC2p0 2015-12-28 0 0 0 0 0 0 0 0 0 0
M6mKw7hC2p0 2015-12-29 3 0 0 0 0 0 0 0 0 0
M6mKw7hC2p0 2015-12-30 4 0 0 0 0 0 0 0 0 0
M6mKw7hC2p0 2015-12-31 2 1 0 0 1 0 0 0 0 0
M6mKw7hC2p0 2016-01-01 2 1 0 0 1 0 0 0 0 0
M6mKw7hC2p0 2016-01-02 3 1 0 0 1 0 0 0 0 0
M6mKw7hC2p0 2016-01-03 5 2 1 0 1 0 0 0 0 0
M6mKw7hC2p0 2016-01-04 0 0 0 0 0 0 0 0 0 0
M6mKw7hC2p0 2016-01-05 2 1 0 0 1 0 0 0 0 0
M6mKw7hC2p0 2016-01-06 1 0 0 0 0 0 0 0 0 0
M6mKw7hC2p0 2016-01-07 1 0 0 0 0 0 0 0 0 0
M6mKw7hC2p0 2016-01-08 3 1 0 0 1 0 0 0 0 0
M6mKw7hC2p0 2016-01-09 3 1 1 0 0 0 0 0 0 0
M6mKw7hC2p0 2016-01-10 1 0 0 0 0 0 0 0 0 0
M6mKw7hC2p0 2016-01-11 1 0 0 0 0 0 0 0 0 0
M6mKw7hC2p0 2016-01-12 2 1 1 0 0 0 0 0 0 0
M6mKw7hC2p0 2016-01-13 2 0 0 0 0 0 0 0 0 0
M6mKw7hC2p0 2016-01-14 2 0 0 0 0 0 0 0 0 0
M6mKw7hC2p0 2016-01-15 1 0 0 0 0 0 0 0 0 0
M6mKw7hC2p0 2016-01-16 1 0 0 0 0 0 0 0 0 0
M6mKw7hC2p0 2016-01-17 3 1 0 0 1 0 0 0 0 0
M6mKw7hC2p0 2016-01-18 2 1 1 0 0 0 0 0 0 0
M6mKw7hC2p0 2016-01-19 16 3 2 0 1 0 0 0 0 0
M6mKw7hC2p0 2016-01-20 1 1 0 0 1 0 0 0 0 0
M6mKw7hC2p0 2016-01-21 12 2 0 0 2 0 0 0 0 0
M6mKw7hC2p0 2016-01-22 11 2 0 0 2 0 0 0 0 0
M6mKw7hC2p0 2016-01-23 6 2 0 0 2 0 0 0 0 0
M6mKw7hC2p0 2016-01-24 4 1 0 0 1 0 0 0 0 0
M6mKw7hC2p0 2016-01-25 4 1 1 0 0 0 0 0 0 0
M6mKw7hC2p0 2016-01-26 2 1 0 0 1 0 0 0 0 0
M6mKw7hC2p0 2016-01-27 2 1 0 0 1 0 0 0 0 0
M6mKw7hC2p0 2016-01-28 1 1 0 0 1 0 0 0 0 0
M6mKw7hC2p0 2016-01-29 0 0 0 0 0 0 0 0 0 0
M6mKw7hC2p0 2016-01-30 2 0 0 0 0 0 0 0 0 0
M6mKw7hC2p0 2016-01-31 3 1 0 1 0 0 0 0 0 0
M6mKw7hC2p0 2016-02-01 0 0 0 0 0 0 0 0 0 0
M6mKw7hC2p0 2016-02-02 4 1 1 0 0 0 0 0 0 0
M6mKw7hC2p0 2016-02-03 0 0 0 0 0 0 0 0 0 0
M6mKw7hC2p0 2016-02-04 1 0 0 0 0 0 0 0 0 0
M6mKw7hC2p0 2016-02-05 4 1 0 0 1 0 0 0 0 0
M6mKw7hC2p0 2016-02-06 5 1 0 0 1 0 0 0 0 0
M6mKw7hC2p0 2016-02-07 4 1 0 0 1 0 0 0 0 0
M6mKw7hC2p0 2016-02-08 7 1 0 0 1 0 0 0 0 0
M6mKw7hC2p0 2016-02-09 18 2 0 0 2 0 0 0 0 0
M6mKw7hC2p0 2016-02-10 6 1 0 0 1 0 0 0 0 0
M6mKw7hC2p0 2016-02-11 14 0 0 0 0 0 0 0 0 0
M6mKw7hC2p0 2016-02-12 4 1 0 0 1 0 0 0 0 0
M6mKw7hC2p0 2016-02-13 5 0 0 0 0 0 0 0 0 0
M6mKw7hC2p0 2016-02-14 5 0 0 0 0 0 0 0 0 0
M6mKw7hC2p0 2016-02-15 1 0 0 0 0 0 0 0 0 0
M6mKw7hC2p0 2016-02-16 4 0 0 0 0 0 0 0 0 0
M6mKw7hC2p0 2016-02-17 6 1 1 0 0 0 0 0 0 0
M6mKw7hC2p0 2016-02-18 5 0 0 0 0 0 0 0 0 0
M6mKw7hC2p0 2016-02-19 10 1 0 1 0 0 0 0 0 0
M6mKw7hC2p0 2016-02-20 6 0 0 0 0 0 0 0 0 0
M6mKw7hC2p0 2016-02-21 1 0 0 0 0 0 0 0 0 0
M6mKw7hC2p0 2016-02-22 8 1 1 0 0 0 0 0 0 0
M6mKw7hC2p0 2016-02-23 4 0 0 0 0 0 0 0 0 0
M6mKw7hC2p0 2016-02-24 8 0 0 0 0 0 0 0 0 0
M6mKw7hC2p0 2016-02-25 5 1 1 0 0 0 0 0 0 0
M6mKw7hC2p0 2016-02-26 4 1 0 1 0 0 0 0 0 0
M6mKw7hC2p0 2016-02-27 18 2 0 1 1 0 0 0 0 0
M6mKw7hC2p0 2016-02-28 28 4 1 0 3 0 0 0 0 0
M6mKw7hC2p0 2016-02-29 10 1 0 0 1 0 0 0 0 0
M6mKw7hC2p0 2016-03-01 0 0 0 0 0 0 0 0 0 0
M6mKw7hC2p0 2016-03-02 2 0 0 0 0 0 0 0 0 0
M6mKw7hC2p0 2016-03-03 4 1 0 0 1 0 0 0 0 0
M6mKw7hC2p0 2016-03-04 0 0 0 0 0 0 0 0 0 0
M6mKw7hC2p0 2016-03-05 2 0 0 0 0 0 0 0 0 0
M6mKw7hC2p0 2016-03-06 3 2 0 1 1 0 0 0 0 0
M6mKw7hC2p0 2016-03-07 1 1 0 0 1 0 0 0 0 0
M6mKw7hC2p0 2016-03-08 4 0 0 0 0 0 0 0 0 0
M6mKw7hC2p0 2016-03-09 0 0 0 0 0 0 0 0 0 0
M6mKw7hC2p0 2016-03-10 1 0 0 0 0 0 0 0 0 0
M6mKw7hC2p0 2016-03-11 7 0 0 0 0 0 0 0 0 0
M6mKw7hC2p0 2016-03-12 1 1 0 0 1 0 0 0 0 0
M6mKw7hC2p0 2016-03-13 1 0 0 0 0 0 0 0 0 0
M6mKw7hC2p0 2016-03-14 11 1 0 0 1 0 0 0 0 0
M6mKw7hC2p0 2016-03-15 4 3 0 0 3 0 0 0 0 0
M6mKw7hC2p0 2016-03-16 0 0 0 0 0 0 0 0 0 0
M6mKw7hC2p0 2016-03-17 0 0 0 0 0 0 0 0 0 0
M6mKw7hC2p0 2016-03-18 1 1 0 0 1 0 0 0 0 0
M6mKw7hC2p0 2016-03-19 0 0 0 0 0 0 0 0 0 0
M6mKw7hC2p0 2016-03-20 1 1 1 0 0 0 0 0 0 0
M6mKw7hC2p0 2016-03-21 5 0 0 0 0 0 0 0 0 0
M6mKw7hC2p0 2016-03-22 12 2 0 0 2 0 0 0 0 0
M6mKw7hC2p0 2016-03-23 4 0 0 0 0 0 0 0 0 0
M6mKw7hC2p0 2016-03-24 5 0 0 0 0 0 0 0 0 0
M6mKw7hC2p0 2016-03-25 7 3 2 0 1 0 0 0 0 0
M6mKw7hC2p0 2016-03-26 8 3 1 0 2 0 0 0 0 0
M6mKw7hC2p0 2016-03-27 5 2 2 0 0 0 0 0 0 0
M6mKw7hC2p0 2016-03-28 3 1 0 0 1 0 0 0 0 0
M6mKw7hC2p0 2016-03-29 4 2 1 0 1 0 0 0 0 0
M6mKw7hC2p0 2016-03-30 11 1 1 0 0 0 0 0 0 0
M6mKw7hC2p0 2016-03-31 2 2 0 1 1 0 0 0 0 0
M6mKw7hC2p0 2016-04-01 2 1 0 0 1 0 0 0 0 0
M6mKw7hC2p0 2016-04-02 3 2 1 0 1 0 0 0 0 0
M6mKw7hC2p0 2016-04-03 7 1 0 0 1 0 0 0 0 0
M6mKw7hC2p0 2016-04-04 8 2 0 0 2 0 0 0 0 0
M6mKw7hC2p0 2016-04-05 6 3 0 0 3 0 0 0 0 0
M6mKw7hC2p0 2016-04-06 6 1 1 0 0 0 0 0 0 0
M6mKw7hC2p0 2016-04-07 4 1 0 0 1 0 0 0 0 0
M6mKw7hC2p0 2016-04-08 7 0 0 0 0 0 0 0 0 0
M6mKw7hC2p0 2016-04-09 2 0 0 0 0 0 0 0 0 0
M6mKw7hC2p0 2016-04-10 6 0 0 0 0 0 0 0 0 0
M6mKw7hC2p0 2016-04-11 6 3 1 0 2 0 0 0 0 0
M6mKw7hC2p0 2016-04-12 8 0 0 0 0 0 0 0 0 0
M6mKw7hC2p0 2016-04-13 5 1 0 0 1 0 0 0 0 0
M6mKw7hC2p0 2016-04-14 5 0 0 0 0 0 0 0 0 0
M6mKw7hC2p0 2016-04-15 8 4 2 0 2 0 0 0 0 0
M6mKw7hC2p0 2016-04-16 1 0 0 0 0 0 0 0 0 0
M6mKw7hC2p0 2016-04-17 2 1 1 0 0 0 0 0 0 0
M6mKw7hC2p0 2016-04-18 5 1 0 0 1 0 0 0 0 0
M6mKw7hC2p0 2016-04-19 5 0 0 0 0 0 0 0 0 0
M6mKw7hC2p0 2016-04-20 3 0 0 0 0 0 0 0 0 0
M6mKw7hC2p0 2016-04-21 1 0 0 0 0 0 0 0 0 0
M6mKw7hC2p0 2016-04-22 4 1 1 0 0 0 0 0 0 0
M6mKw7hC2p0 2016-04-23 15 2 0 0 2 0 0 0 0 0
M6mKw7hC2p0 2016-04-24 6 0 0 0 0 0 0 0 0 0
M6mKw7hC2p0 2016-04-25 1 0 0 0 0 0 0 0 0 0
M6mKw7hC2p0 2016-04-26 8 4 0 0 4 0 0 0 0 0
M6mKw7hC2p0 2016-04-27 10 4 0 0 4 0 0 0 0 0
M6mKw7hC2p0 2016-04-28 7 0 0 0 0 0 0 0 0 0
M6mKw7hC2p0 2016-04-29 5 1 0 0 1 0 0 0 0 0
M6mKw7hC2p0 2016-04-30 4 0 0 0 0 0 0 0 0 0
M6mKw7hC2p0 2016-05-01 12 4 2 0 2 0 0 0 0 0
M6mKw7hC2p0 2016-05-02 4 1 0 0 1 0 0 0 0 0
M6mKw7hC2p0 2016-05-03 5 3 0 0 3 0 0 0 0 0
M6mKw7hC2p0 2016-05-04 2 0 0 0 0 0 0 0 0 0
M6mKw7hC2p0 2016-05-05 5 0 0 0 0 0 0 0 0 0
M6mKw7hC2p0 2016-05-06 10 1 0 0 1 0 0 0 0 0
M6mKw7hC2p0 2016-05-07 8 1 0 0 1 0 0 0 0 0
M6mKw7hC2p0 2016-05-08 11 3 1 0 2 0 0 0 0 0
M6mKw7hC2p0 2016-05-09 9 4 1 0 3 0 0 0 0 0
M6mKw7hC2p0 2016-05-10 5 3 1 0 2 0 0 0 0 0
M6mKw7hC2p0 2016-05-11 9 2 1 0 1 0 0 0 0 0
M6mKw7hC2p0 2016-05-12 7 3 1 0 2 0 0 0 0 0
M6mKw7hC2p0 2016-05-13 7 4 2 1 1 0 0 0 0 0
M6mKw7hC2p0 2016-05-14 6 1 0 0 1 0 0 0 0 0
M6mKw7hC2p0 2016-05-15 12 2 1 0 1 0 0 0 0 0
M6mKw7hC2p0 2016-05-16 10 5 2 0 3 0 0 0 0 0
M6mKw7hC2p0 2016-05-17 8 4 4 0 0 0 0 0 0 0
M6mKw7hC2p0 2016-05-18 9 1 0 0 1 0 0 0 0 0
M6mKw7hC2p0 2016-05-19 5 1 0 0 1 0 0 0 0 0
M6mKw7hC2p0 2016-05-20 5 2 1 0 1 0 0 0 0 0
M6mKw7hC2p0 2016-05-21 8 0 0 0 0 0 0 0 0 0
M6mKw7hC2p0 2016-05-22 4 1 0 0 1 0 0 0 0 0
M6mKw7hC2p0 2016-05-23 1 0 0 0 0 0 0 0 0 0
M6mKw7hC2p0 2016-05-24 5 1 1 0 0 0 0 0 0 0
M6mKw7hC2p0 2016-05-25 12 3 2 0 1 0 0 0 0 0
M6mKw7hC2p0 2016-05-26 6 1 0 0 1 0 0 0 0 0
M6mKw7hC2p0 2016-05-27 6 2 1 0 1 0 0 0 0 0
M6mKw7hC2p0 2016-05-28 4 2 1 0 1 0 0 0 0 0
M6mKw7hC2p0 2016-05-29 0 0 0 0 0 0 0 0 0 0
M6mKw7hC2p0 2016-05-30 5 1 1 0 0 0 0 0 0 0
M6mKw7hC2p0 2016-05-31 2 0 0 0 0 0 0 0 0 0
M6mKw7hC2p0 2016-06-01 9 3 1 0 2 0 0 0 0 0
M6mKw7hC2p0 2016-06-02 6 2 0 0 2 0 0 0 0 0
M6mKw7hC2p0 2016-06-03 1 0 0 0 0 0 0 0 0 0
M6mKw7hC2p0 2016-06-04 9 5 2 0 3 0 0 0 0 0
M6mKw7hC2p0 2016-06-05 5 0 0 0 0 0 0 0 0 0
M6mKw7hC2p0 2016-06-06 4 0 0 0 0 0 0 0 0 0
M6mKw7hC2p0 2016-06-07 6 2 0 1 1 0 0 0 0 0
M6mKw7hC2p0 2016-06-08 1 0 0 0 0 0 0 0 0 0
M6mKw7hC2p0 2016-06-09 2 0 0 0 0 0 0 0 0 0
M6mKw7hC2p0 2016-06-10 3 0 0 0 0 0 0 0 0 0
M6mKw7hC2p0 2016-06-11 5 0 0 0 0 0 0 0 0 0
M6mKw7hC2p0 2016-06-12 11 3 0 0 3 0 0 0 0 0
M6mKw7hC2p0 2016-06-13 4 2 0 0 2 0 0 0 0 0
M6mKw7hC2p0 2016-06-14 8 2 1 0 1 0 0 0 0 0
M6mKw7hC2p0 2016-06-15 6 2 0 0 2 0 0 0 0 0
M6mKw7hC2p0 2016-06-16 5 1 0 0 1 0 0 0 0 0
M6mKw7hC2p0 2016-06-17 4 2 2 0 0 0 0 0 0 0
M6mKw7hC2p0 2016-06-18 7 3 0 0 3 0 0 0 0 0
M6mKw7hC2p0 2016-06-19 7 5 0 0 5 0 0 0 0 0
M6mKw7hC2p0 2016-06-20 5 2 0 0 2 0 0 0 0 0
M6mKw7hC2p0 2016-06-21 7 2 0 0 2 0 0 0 0 0
M6mKw7hC2p0 2016-06-22 2 2 1 0 1 0 0 0 0 0
M6mKw7hC2p0 2016-06-23 3 0 0 0 0 0 0 0 0 0
M6mKw7hC2p0 2016-06-24 3 1 0 0 1 0 0 0 0 0
M6mKw7hC2p0 2016-06-25 10 8 2 0 6 0 0 0 0 0
M6mKw7hC2p0 2016-06-26 9 7 2 0 5 0 0 0 0 0
M6mKw7hC2p0 2016-06-27 5 5 5 0 0 0 0 0 0 0
M6mKw7hC2p0 2016-06-28 4 3 0 0 3 0 0 0 0 0
M6mKw7hC2p0 2016-06-29 14 7 1 0 6 0 0 0 0 0
M6mKw7hC2p0 2016-06-30 2 0 0 0 0 0 0 0 0 0
M6mKw7hC2p0 2016-07-01 6 0 0 0 0 0 0 0 0 0
M6mKw7hC2p0 2016-07-02 11 1 0 0 1 0 0 0 0 0
M6mKw7hC2p0 2016-07-03 16 4 3 0 1 0 0 0 0 0
M6mKw7hC2p0 2016-07-04 9 5 1 0 4 0 0 0 0 0
M6mKw7hC2p0 2016-07-05 3 2 1 0 1 0 0 0 0 0
M6mKw7hC2p0 2016-07-06 13 5 1 0 4 0 0 0 0 0
M6mKw7hC2p0 2016-07-07 12 5 2 0 3 0 0 0 0 0
M6mKw7hC2p0 2016-07-08 8 1 0 0 1 0 0 0 0 0
M6mKw7hC2p0 2016-07-09 17 4 0 0 4 0 0 0 0 0
M6mKw7hC2p0 2016-07-10 13 6 4 0 2 0 0 0 0 0
M6mKw7hC2p0 2016-07-11 14 2 0 0 2 0 0 0 0 0
M6mKw7hC2p0 2016-07-12 6 1 0 0 1 0 0 0 0 0
M6mKw7hC2p0 2016-07-13 4 0 0 0 0 0 0 0 0 0
M6mKw7hC2p0 2016-07-14 1 1 0 0 1 0 0 0 0 0
M6mKw7hC2p0 2016-07-15 8 1 0 0 1 0 0 0 0 0
M6mKw7hC2p0 2016-07-16 4 0 0 0 0 0 0 0 0 0
M6mKw7hC2p0 2016-07-17 16 1 0 0 1 0 0 0 0 0
M6mKw7hC2p0 2016-07-18 14 4 3 0 1 0 0 0 0 0
M6mKw7hC2p0 2016-07-19 7 0 0 0 0 0 0 0 0 0
M6mKw7hC2p0 2016-07-20 5 1 0 0 1 0 0 0 0 0
M6mKw7hC2p0 2016-07-21 3 2 0 0 2 0 0 0 0 0
M6mKw7hC2p0 2016-07-22 17 1 1 0 0 0 0 0 0 0
M6mKw7hC2p0 2016-07-23 12 4 1 0 3 0 0 0 0 0
M6mKw7hC2p0 2016-07-24 11 2 0 0 2 0 0 0 0 0
M6mKw7hC2p0 2016-07-25 3 0 0 0 0 0 0 0 0 0
M6mKw7hC2p0 2016-07-26 4 1 0 0 1 0 0 0 0 0
M6mKw7hC2p0 2016-07-27 9 2 0 0 2 0 0 0 0 0
M6mKw7hC2p0 2016-07-28 1 0 0 0 0 0 0 0 0 0
M6mKw7hC2p0 2016-07-29 2 0 0 0 0 0 0 0 0 0
M6mKw7hC2p0 2016-07-30 3 0 0 0 0 0 0 0 0 0
M6mKw7hC2p0 2016-07-31 3 1 0 0 1 0 0 0 0 0
M6mKw7hC2p0 2016-08-01 9 8 0 0 8 0 0 0 0 0
