video date target_total target_isis target_happy target_sad target_angry total isis happy sad angry
mtj3M_Bb0z8 2015-06-01 2 1 1 0 0 20 7 4 1 2
mtj3M_Bb0z8 2015-06-02 3 0 0 0 0 18 5 5 0 0
mtj3M_Bb0z8 2015-06-03 4 2 0 1 1 18 3 3 0 0
mtj3M_Bb0z8 2015-06-04 0 0 0 0 0 15 4 4 0 0
mtj3M_Bb0z8 2015-06-05 6 0 0 0 0 8 3 3 0 0
mtj3M_Bb0z8 2015-06-06 0 0 0 0 0 17 5 5 0 0
mtj3M_Bb0z8 2015-06-07 0 0 0 0 0 16 11 6 0 5
mtj3M_Bb0z8 2015-06-08 0 0 0 0 0 22 8 3 0 5
mtj3M_Bb0z8 2015-06-09 0 0 0 0 0 33 13 10 0 3
mtj3M_Bb0z8 2015-06-10 0 0 0 0 0 15 5 2 1 2
mtj3M_Bb0z8 2015-06-11 0 0 0 0 0 28 15 10 2 3
mtj3M_Bb0z8 2015-06-12 0 0 0 0 0 31 8 6 0 2
mtj3M_Bb0z8 2015-06-13 0 0 0 0 0 34 12 7 0 5
mtj3M_Bb0z8 2015-06-14 0 0 0 0 0 18 10 9 0 1
mtj3M_Bb0z8 2015-06-15 0 0 0 0 0 10 1 0 0 1
mtj3M_Bb0z8 2015-06-16 0 0 0 0 0 9 5 5 0 0
mtj3M_Bb0z8 2015-06-17 1 0 0 0 0 10 4 3 0 1
mtj3M_Bb0z8 2015-06-18 0 0 0 0 0 8 5 3 1 1
mtj3M_Bb0z8 2015-06-19 1 0 0 0 0 13 7 2 3 2
mtj3M_Bb0z8 2015-06-20 0 0 0 0 0 8 4 2 2 0
mtj3M_Bb0z8 2015-06-21 0 0 0 0 0 18 9 5 1 3
mtj3M_Bb0z8 2015-06-22 0 0 0 0 0 15 4 1 1 2
mtj3M_Bb0z8 2015-06-23 0 0 0 0 0 6 2 1 0 1
mtj3M_Bb0z8 2015-06-24 0 0 0 0 0 9 2 2 0 0
mtj3M_Bb0z8 2015-06-25 0 0 0 0 0 12 4 3 0 1
mtj3M_Bb0z8 2015-06-26 0 0 0 0 0 31 6 1 0 5
mtj3M_Bb0z8 2015-06-27 0 0 0 0 0 30 7 2 1 4
mtj3M_Bb0z8 2015-06-28 1 0 0 0 0 15 5 3 2 0
mtj3M_Bb0z8 2015-06-29 2 0 0 0 0 14 4 1 0 3
mtj3M_Bb0z8 2015-06-30 0 0 0 0 0 22 5 4 0 1
mtj3M_Bb0z8 2015-07-01 0 0 0 0 0 12 5 3 0 2
mtj3M_Bb0z8 2015-07-02 4 1 1 0 0 11 6 3 0 3
mtj3M_Bb0z8 2015-07-03 0 0 0 0 0 13 4 3 0 1
mtj3M_Bb0z8 2015-07-04 2 0 0 0 0 17 7 3 1 3
mtj3M_Bb0z8 2015-07-05 0 0 0 0 0 15 5 2 1 2
mtj3M_Bb0z8 2015-07-06 0 0 0 0 0 17 5 1 2 2
mtj3M_Bb0z8 2015-07-07 3 0 0 0 0 8 5 3 0 2
mtj3M_Bb0z8 2015-07-08 0 0 0 0 0 20 5 4 0 1
mtj3M_Bb0z8 2015-07-09 0 0 0 0 0 11 5 2 1 2
mtj3M_Bb0z8 2015-07-10 0 0 0 0 0 25 5 2 2 1
mtj3M_Bb0z8 2015-07-11 0 0 0 0 0 20 8 8 0 0
mtj3M_Bb0z8 2015-07-12 0 0 0 0 0 24 6 3 1 2
mtj3M_Bb0z8 2015-07-13 1 1 1 0 0 16 6 4 1 1
mtj3M_Bb0z8 2015-07-14 1 0 0 0 0 11 2 1 1 0
mtj3M_Bb0z8 2015-07-15 1 0 0 0 0 15 5 5 0 0
mtj3M_Bb0z8 2015-07-16 0 0 0 0 0 26 15 8 2 5
mtj3M_Bb0z8 2015-07-17 0 0 0 0 0 27 7 6 0 1
mtj3M_Bb0z8 2015-07-18 0 0 0 0 0 18 4 3 0 1
mtj3M_Bb0z8 2015-07-19 3 0 0 0 0 11 6 2 1 3
mtj3M_Bb0z8 2015-07-20 0 0 0 0 0 9 2 0 1 1
mtj3M_Bb0z8 2015-07-21 0 0 0 0 0 8 2 1 0 1
mtj3M_Bb0z8 2015-07-22 0 0 0 0 0 7 1 1 0 0
mtj3M_Bb0z8 2015-07-23 0 0 0 0 0 12 3 1 0 2
mtj3M_Bb0z8 2015-07-24 0 0 0 0 0 7 4 3 1 0
mtj3M_Bb0z8 2015-07-25 0 0 0 0 0 14 5 2 1 2
mtj3M_Bb0z8 2015-07-26 0 0 0 0 0 15 3 2 0 1
mtj3M_Bb0z8 2015-07-27 6 0 0 0 0 13 4 0 0 4
mtj3M_Bb0z8 2015-07-28 1 1 1 0 0 18 6 3 0 3
mtj3M_Bb0z8 2015-07-29 11 0 0 0 0 16 7 4 1 2
mtj3M_Bb0z8 2015-07-30 0 0 0 0 0 12 5 1 1 3
mtj3M_Bb0z8 2015-07-31 0 0 0 0 0 11 6 2 0 4
mtj3M_Bb0z8 2015-08-01 15 1 1 0 0 21 5 2 3 0
mtj3M_Bb0z8 2015-08-02 0 0 0 0 0 22 6 1 2 3
mtj3M_Bb0z8 2015-08-03 0 0 0 0 0 25 4 3 0 1
mtj3M_Bb0z8 2015-08-04 0 0 0 0 0 25 8 7 0 1
mtj3M_Bb0z8 2015-08-05 0 0 0 0 0 24 0 0 0 0
mtj3M_Bb0z8 2015-08-06 0 0 0 0 0 18 10 7 0 3
mtj3M_Bb0z8 2015-08-07 5 1 1 0 0 19 4 2 0 2
mtj3M_Bb0z8 2015-08-08 6 3 1 2 0 18 7 4 0 3
mtj3M_Bb0z8 2015-08-09 4 3 3 0 0 21 11 9 0 2
mtj3M_Bb0z8 2015-08-10 0 0 0 0 0 13 5 4 0 1
mtj3M_Bb0z8 2015-08-11 0 0 0 0 0 18 5 3 0 2
mtj3M_Bb0z8 2015-08-12 0 0 0 0 0 4 1 1 0 0
mtj3M_Bb0z8 2015-08-13 0 0 0 0 0 16 8 3 3 2
mtj3M_Bb0z8 2015-08-14 0 0 0 0 0 11 6 3 0 3
mtj3M_Bb0z8 2015-08-15 0 0 0 0 0 23 5 5 0 0
mtj3M_Bb0z8 2015-08-16 0 0 0 0 0 31 7 6 1 0
mtj3M_Bb0z8 2015-08-17 0 0 0 0 0 11 2 1 0 1
mtj3M_Bb0z8 2015-08-18 1 0 0 0 0 11 2 2 0 0
mtj3M_Bb0z8 2015-08-19 0 0 0 0 0 9 3 1 0 2
mtj3M_Bb0z8 2015-08-20 0 0 0 0 0 11 3 2 0 1
mtj3M_Bb0z8 2015-08-21 0 0 0 0 0 39 16 5 4 7
mtj3M_Bb0z8 2015-08-22 2 0 0 0 0 17 10 7 3 0
mtj3M_Bb0z8 2015-08-23 0 0 0 0 0 24 8 7 0 1
mtj3M_Bb0z8 2015-08-24 0 0 0 0 0 8 3 2 0 1
mtj3M_Bb0z8 2015-08-25 2 0 0 0 0 20 5 5 0 0
mtj3M_Bb0z8 2015-08-26 3 0 0 0 0 22 5 4 1 0
mtj3M_Bb0z8 2015-08-27 0 0 0 0 0 26 4 1 1 2
mtj3M_Bb0z8 2015-08-28 4 0 0 0 0 10 3 2 0 1
mtj3M_Bb0z8 2015-08-29 3 2 2 0 0 14 5 2 1 2
mtj3M_Bb0z8 2015-08-30 1 0 0 0 0 30 10 6 1 3
mtj3M_Bb0z8 2015-08-31 2 2 0 1 1 12 8 4 1 3
mtj3M_Bb0z8 2015-09-01 7 1 1 0 0 9 3 0 0 3
mtj3M_Bb0z8 2015-09-02 9 2 1 0 1 14 6 4 2 0
mtj3M_Bb0z8 2015-09-03 6 2 1 0 1 14 6 3 0 3
mtj3M_Bb0z8 2015-09-04 1 1 0 1 0 17 7 6 0 1
mtj3M_Bb0z8 2015-09-05 2 1 1 0 0 13 7 2 1 4
mtj3M_Bb0z8 2015-09-06 2 0 0 0 0 35 17 7 3 7
mtj3M_Bb0z8 2015-09-07 2 0 0 0 0 7 4 4 0 0
mtj3M_Bb0z8 2015-09-08 2 0 0 0 0 11 3 2 0 1
mtj3M_Bb0z8 2015-09-09 2 0 0 0 0 18 1 0 0 1
mtj3M_Bb0z8 2015-09-10 1 1 0 0 1 5 1 1 0 0
mtj3M_Bb0z8 2015-09-11 1 0 0 0 0 9 3 0 0 3
mtj3M_Bb0z8 2015-09-12 4 1 1 0 0 7 6 6 0 0
mtj3M_Bb0z8 2015-09-13 3 2 0 2 0 5 2 0 0 2
mtj3M_Bb0z8 2015-09-14 1 1 0 0 1 10 2 1 1 0
mtj3M_Bb0z8 2015-09-15 1 0 0 0 0 9 4 3 0 1
mtj3M_Bb0z8 2015-09-16 0 0 0 0 0 15 6 4 2 0
mtj3M_Bb0z8 2015-09-17 6 1 1 0 0 9 1 1 0 0
mtj3M_Bb0z8 2015-09-18 4 2 2 0 0 19 5 5 0 0
mtj3M_Bb0z8 2015-09-19 7 3 3 0 0 13 6 4 2 0
mtj3M_Bb0z8 2015-09-20 5 1 1 0 0 15 7 5 0 2
mtj3M_Bb0z8 2015-09-21 2 1 0 0 1 23 4 1 1 2
mtj3M_Bb0z8 2015-09-22 4 2 1 0 1 12 5 3 0 2
mtj3M_Bb0z8 2015-09-23 0 0 0 0 0 15 7 1 2 4
mtj3M_Bb0z8 2015-09-24 5 4 1 0 3 33 12 5 1 6
mtj3M_Bb0z8 2015-09-25 6 4 4 0 0 91 29 26 0 3
mtj3M_Bb0z8 2015-09-26 6 0 0 0 0 80 21 18 0 3
mtj3M_Bb0z8 2015-09-27 3 0 0 0 0 23 4 2 0 2
mtj3M_Bb0z8 2015-09-28 5 1 1 0 0 18 7 3 0 4
mtj3M_Bb0z8 2015-09-29 4 2 1 1 0 4 1 1 0 0
mtj3M_Bb0z8 2015-09-30 4 2 2 0 0 7 1 1 0 0
mtj3M_Bb0z8 2015-10-01 5 1 1 0 0 9 5 5 0 0
mtj3M_Bb0z8 2015-10-02 2 2 1 0 1 13 4 2 0 2
mtj3M_Bb0z8 2015-10-03 0 0 0 0 0 18 10 9 0 1
mtj3M_Bb0z8 2015-10-04 6 4 4 0 0 11 6 4 0 2
mtj3M_Bb0z8 2015-10-05 2 0 0 0 0 28 15 11 1 3
mtj3M_Bb0z8 2015-10-06 7 2 2 0 0 12 5 4 1 0
mtj3M_Bb0z8 2015-10-07 2 1 0 0 1 15 6 6 0 0
mtj3M_Bb0z8 2015-10-08 3 2 1 1 0 14 3 1 0 2
mtj3M_Bb0z8 2015-10-09 5 1 0 0 1 14 5 3 0 2
mtj3M_Bb0z8 2015-10-10 4 2 2 0 0 13 3 3 0 0
mtj3M_Bb0z8 2015-10-11 1 1 1 0 0 18 4 3 0 1
mtj3M_Bb0z8 2015-10-12 7 2 1 0 1 17 4 2 1 1
mtj3M_Bb0z8 2015-10-13 3 1 0 0 1 9 6 4 1 1
mtj3M_Bb0z8 2015-10-14 5 1 1 0 0 9 3 1 1 1
mtj3M_Bb0z8 2015-10-15 8 3 2 1 0 11 6 2 2 2
mtj3M_Bb0z8 2015-10-16 7 2 2 0 0 24 12 10 0 2
mtj3M_Bb0z8 2015-10-17 5 1 1 0 0 5 1 0 0 1
mtj3M_Bb0z8 2015-10-18 2 2 0 0 2 18 6 6 0 0
mtj3M_Bb0z8 2015-10-19 4 3 1 1 1 11 4 2 0 2
mtj3M_Bb0z8 2015-10-20 5 2 1 0 1 9 2 1 1 0
mtj3M_Bb0z8 2015-10-21 6 3 2 1 0 8 5 4 0 1
mtj3M_Bb0z8 2015-10-22 2 2 1 0 1 11 2 2 0 0
mtj3M_Bb0z8 2015-10-23 2 1 1 0 0 16 5 5 0 0
mtj3M_Bb0z8 2015-10-24 1 1 1 0 0 8 2 2 0 0
mtj3M_Bb0z8 2015-10-25 0 0 0 0 0 7 1 1 0 0
mtj3M_Bb0z8 2015-10-26 5 4 3 1 0 16 3 3 0 0
mtj3M_Bb0z8 2015-10-27 14 6 4 0 2 12 6 2 1 3
mtj3M_Bb0z8 2015-10-28 6 4 1 0 3 15 3 1 0 2
mtj3M_Bb0z8 2015-10-29 2 2 0 0 2 20 3 2 0 1
mtj3M_Bb0z8 2015-10-30 0 0 0 0 0 14 8 4 1 3
mtj3M_Bb0z8 2015-10-31 4 0 0 0 0 7 1 0 0 1
mtj3M_Bb0z8 2015-11-01 4 0 0 0 0 16 4 2 0 2
mtj3M_Bb0z8 2015-11-02 5 4 4 0 0 21 5 4 0 1
mtj3M_Bb0z8 2015-11-03 6 1 0 0 1 24 7 4 2 1
mtj3M_Bb0z8 2015-11-04 12 6 4 1 1 18 4 2 1 1
mtj3M_Bb0z8 2015-11-05 7 7 4 1 2 9 2 1 0 1
mtj3M_Bb0z8 2015-11-06 8 4 1 1 2 16 5 3 0 2
mtj3M_Bb0z8 2015-11-07 2 1 0 1 0 20 3 2 0 1
mtj3M_Bb0z8 2015-11-08 2 0 0 0 0 16 5 0 3 2
mtj3M_Bb0z8 2015-11-09 6 2 1 1 0 40 17 13 0 4
mtj3M_Bb0z8 2015-11-10 13 2 1 0 1 24 5 4 0 1
mtj3M_Bb0z8 2015-11-11 1 1 1 0 0 20 4 2 1 1
mtj3M_Bb0z8 2015-11-12 4 2 2 0 0 16 2 2 0 0
mtj3M_Bb0z8 2015-11-13 5 2 1 0 1 11 3 1 0 2
mtj3M_Bb0z8 2015-11-14 2 1 1 0 0 14 3 1 1 1
mtj3M_Bb0z8 2015-11-15 5 2 1 0 1 21 5 2 1 2
mtj3M_Bb0z8 2015-11-16 8 5 3 0 2 21 8 5 1 2
mtj3M_Bb0z8 2015-11-17 7 1 1 0 0 26 9 7 1 1
mtj3M_Bb0z8 2015-11-18 9 2 0 0 2 13 3 2 0 1
mtj3M_Bb0z8 2015-11-19 3 2 0 1 1 14 6 3 1 2
mtj3M_Bb0z8 2015-11-20 1 0 0 0 0 21 6 5 1 0
mtj3M_Bb0z8 2015-11-21 1 0 0 0 0 6 2 1 0 1
mtj3M_Bb0z8 2015-11-22 5 0 0 0 0 16 5 2 1 2
mtj3M_Bb0z8 2015-11-23 3 2 2 0 0 16 10 7 1 2
mtj3M_Bb0z8 2015-11-24 4 1 0 0 1 6 2 2 0 0
mtj3M_Bb0z8 2015-11-25 5 0 0 0 0 10 2 2 0 0
mtj3M_Bb0z8 2015-11-26 7 2 0 0 2 15 4 2 1 1
mtj3M_Bb0z8 2015-11-27 3 2 1 0 1 9 4 3 1 0
mtj3M_Bb0z8 2015-11-28 6 3 2 1 0 14 4 2 1 1
mtj3M_Bb0z8 2015-11-29 4 2 2 0 0 11 4 2 0 2
mtj3M_Bb0z8 2015-11-30 2 0 0 0 0 16 2 0 0 2
mtj3M_Bb0z8 2015-12-01 4 1 0 0 1 20 10 6 2 2
mtj3M_Bb0z8 2015-12-02 4 2 1 0 1 12 4 2 0 2
mtj3M_Bb0z8 2015-12-03 0 0 0 0 0 14 5 5 0 0
mtj3M_Bb0z8 2015-12-04 1 1 0 0 1 14 3 2 0 1
mtj3M_Bb0z8 2015-12-05 5 2 0 0 2 12 9 5 2 2
mtj3M_Bb0z8 2015-12-06 5 1 1 0 0 19 2 2 0 0
mtj3M_Bb0z8 2015-12-07 3 1 0 0 1 10 4 3 1 0
mtj3M_Bb0z8 2015-12-08 6 2 2 0 0 29 8 2 1 5
mtj3M_Bb0z8 2015-12-09 1 1 0 0 1 20 5 2 0 3
mtj3M_Bb0z8 2015-12-10 5 1 1 0 0 22 5 3 1 1
mtj3M_Bb0z8 2015-12-11 6 1 1 0 0 19 6 3 1 2
mtj3M_Bb0z8 2015-12-12 2 0 0 0 0 15 8 6 0 2
mtj3M_Bb0z8 2015-12-13 6 2 0 1 1 19 6 3 1 2
mtj3M_Bb0z8 2015-12-14 5 3 2 0 1 14 5 0 0 5
mtj3M_Bb0z8 2015-12-15 4 0 0 0 0 17 4 3 0 1
mtj3M_Bb0z8 2015-12-16 8 3 1 1 1 12 7 3 0 4
mtj3M_Bb0z8 2015-12-17 5 2 0 1 1 9 5 5 0 0
mtj3M_Bb0z8 2015-12-18 3 1 1 0 0 13 4 2 2 0
mtj3M_Bb0z8 2015-12-19 4 0 0 0 0 13 5 3 0 2
mtj3M_Bb0z8 2015-12-20 4 0 0 0 0 21 5 2 0 3
mtj3M_Bb0z8 2015-12-21 5 4 2 0 2 14 4 2 0 2
mtj3M_Bb0z8 2015-12-22 6 3 2 0 1 33 8 6 1 1
mtj3M_Bb0z8 2015-12-23 5 2 0 2 0 17 5 4 0 1
mtj3M_Bb0z8 2015-12-24 2 0 0 0 0 15 6 3 0 3
mtj3M_Bb0z8 2015-12-25 2 1 1 0 0 13 3 2 1 0
mtj3M_Bb0z8 2015-12-26 4 1 0 0 1 12 3 2 1 0
mtj3M_Bb0z8 2015-12-27 1 0 0 0 0 15 1 1 0 0
mtj3M_Bb0z8 2015-12-28 4 2 2 0 0 20 11 7 0 4
mtj3M_Bb0z8 2015-12-29 2 1 0 0 1 17 8 5 1 2
mtj3M_Bb0z8 2015-12-30 5 2 1 0 1 15 9 2 0 7
mtj3M_Bb0z8 2015-12-31 0 0 0 0 0 22 8 4 2 2
mtj3M_Bb0z8 2016-01-01 3 1 1 0 0 24 5 2 1 2
mtj3M_Bb0z8 2016-01-02 3 1 1 0 0 15 1 1 0 0
mtj3M_Bb0z8 2016-01-03 13 2 1 1 0 13 4 2 0 2
mtj3M_Bb0z8 2016-01-04 2 1 0 0 1 12 3 2 1 0
mtj3M_Bb0z8 2016-01-05 1 0 0 0 0 22 6 3 2 1
mtj3M_Bb0z8 2016-01-06 3 1 0 0 1 7 1 0 0 1
mtj3M_Bb0z8 2016-01-07 11 3 1 1 1 19 9 5 1 3
mtj3M_Bb0z8 2016-01-08 2 0 0 0 0 27 5 1 0 4
mtj3M_Bb0z8 2016-01-09 2 1 0 1 0 12 4 4 0 0
mtj3M_Bb0z8 2016-01-10 7 1 1 0 0 15 2 1 0 1
mtj3M_Bb0z8 2016-01-11 5 2 2 0 0 14 4 4 0 0
mtj3M_Bb0z8 2016-01-12 5 1 1 0 0 14 4 3 0 1
mtj3M_Bb0z8 2016-01-13 13 2 2 0 0 10 4 1 1 2
mtj3M_Bb0z8 2016-01-14 2 0 0 0 0 6 3 1 1 1
mtj3M_Bb0z8 2016-01-15 9 3 0 0 3 18 7 6 0 1
mtj3M_Bb0z8 2016-01-16 10 5 3 0 2 11 8 3 2 3
mtj3M_Bb0z8 2016-01-17 10 1 1 0 0 12 4 2 0 2
mtj3M_Bb0z8 2016-01-18 11 4 2 0 2 27 10 2 4 4
mtj3M_Bb0z8 2016-01-19 6 1 1 0 0 19 8 7 1 0
mtj3M_Bb0z8 2016-01-20 7 3 2 0 1 21 8 7 0 1
mtj3M_Bb0z8 2016-01-21 9 1 0 0 1 8 2 1 0 1
mtj3M_Bb0z8 2016-01-22 6 1 1 0 0 16 10 5 1 4
mtj3M_Bb0z8 2016-01-23 10 4 2 0 2 16 5 3 0 2
mtj3M_Bb0z8 2016-01-24 0 0 0 0 0 21 7 4 1 2
mtj3M_Bb0z8 2016-01-25 4 1 0 0 1 10 4 2 1 1
mtj3M_Bb0z8 2016-01-26 23 5 0 0 5 13 6 4 0 2
mtj3M_Bb0z8 2016-01-27 16 4 2 1 1 13 2 1 0 1
mtj3M_Bb0z8 2016-01-28 13 2 0 1 1 13 8 6 0 2
mtj3M_Bb0z8 2016-01-29 10 2 0 0 2 12 4 2 0 2
mtj3M_Bb0z8 2016-01-30 7 1 1 0 0 25 10 5 0 5
mtj3M_Bb0z8 2016-01-31 4 2 0 0 2 25 10 7 0 3
mtj3M_Bb0z8 2016-02-01 10 3 1 0 2 6 4 3 0 1
mtj3M_Bb0z8 2016-02-02 8 2 1 0 1 11 5 1 0 4
mtj3M_Bb0z8 2016-02-03 7 3 2 0 1 16 6 5 0 1
mtj3M_Bb0z8 2016-02-04 8 1 1 0 0 12 6 3 0 3
mtj3M_Bb0z8 2016-02-05 0 0 0 0 0 20 4 2 0 2
mtj3M_Bb0z8 2016-02-06 1 1 1 0 0 27 13 8 2 3
mtj3M_Bb0z8 2016-02-07 8 2 1 0 1 25 10 4 1 5
mtj3M_Bb0z8 2016-02-08 11 3 1 0 2 24 5 1 2 2
mtj3M_Bb0z8 2016-02-09 2 0 0 0 0 33 9 6 0 3
mtj3M_Bb0z8 2016-02-10 6 2 2 0 0 22 10 7 2 1
mtj3M_Bb0z8 2016-02-11 14 4 3 0 1 13 2 1 0 1
mtj3M_Bb0z8 2016-02-12 9 1 0 1 0 11 4 1 0 3
mtj3M_Bb0z8 2016-02-13 8 4 0 4 0 20 5 3 1 1
mtj3M_Bb0z8 2016-02-14 6 2 1 0 1 16 2 0 0 2
mtj3M_Bb0z8 2016-02-15 4 1 0 0 1 15 8 5 0 3
mtj3M_Bb0z8 2016-02-16 7 2 0 0 2 47 16 12 0 4
mtj3M_Bb0z8 2016-02-17 7 1 1 0 0 18 8 4 0 4
mtj3M_Bb0z8 2016-02-18 11 9 3 0 6 15 6 5 0 1
mtj3M_Bb0z8 2016-02-19 6 2 1 1 0 27 5 4 0 1
mtj3M_Bb0z8 2016-02-20 7 1 1 0 0 13 4 2 1 1
mtj3M_Bb0z8 2016-02-21 10 4 3 0 1 17 6 1 3 2
mtj3M_Bb0z8 2016-02-22 17 7 5 0 2 16 8 7 0 1
mtj3M_Bb0z8 2016-02-23 10 4 3 0 1 28 10 5 1 4
mtj3M_Bb0z8 2016-02-24 5 2 1 0 1 30 10 4 0 6
mtj3M_Bb0z8 2016-02-25 9 3 1 0 2 13 6 6 0 0
mtj3M_Bb0z8 2016-02-26 17 5 2 2 1 21 8 5 1 2
mtj3M_Bb0z8 2016-02-27 9 3 3 0 0 19 4 1 2 1
mtj3M_Bb0z8 2016-02-28 10 7 3 0 4 26 12 3 2 7
mtj3M_Bb0z8 2016-02-29 6 4 2 0 2 15 2 0 1 1
mtj3M_Bb0z8 2016-03-01 9 3 2 1 0 37 15 8 1 6
mtj3M_Bb0z8 2016-03-02 14 5 3 0 2 28 7 4 1 2
mtj3M_Bb0z8 2016-03-03 15 5 3 0 2 19 5 4 0 1
mtj3M_Bb0z8 2016-03-04 7 2 1 0 1 21 4 2 1 1
mtj3M_Bb0z8 2016-03-05 4 0 0 0 0 13 3 1 1 1
mtj3M_Bb0z8 2016-03-06 8 4 3 0 1 39 12 8 2 2
mtj3M_Bb0z8 2016-03-07 8 3 2 0 1 25 4 1 2 1
mtj3M_Bb0z8 2016-03-08 6 2 1 1 0 16 8 4 0 4
mtj3M_Bb0z8 2016-03-09 3 1 0 1 0 31 10 6 0 4
mtj3M_Bb0z8 2016-03-10 8 4 2 1 1 18 6 5 0 1
mtj3M_Bb0z8 2016-03-11 5 2 0 1 1 19 4 2 0 2
mtj3M_Bb0z8 2016-03-12 3 1 0 1 0 37 10 7 1 2
mtj3M_Bb0z8 2016-03-13 9 5 3 0 2 20 6 5 0 1
mtj3M_Bb0z8 2016-03-14 9 3 0 0 3 13 5 3 1 1
mtj3M_Bb0z8 2016-03-15 5 1 1 0 0 27 6 3 0 3
mtj3M_Bb0z8 2016-03-16 3 0 0 0 0 11 2 2 0 0
mtj3M_Bb0z8 2016-03-17 2 0 0 0 0 23 8 8 0 0
mtj3M_Bb0z8 2016-03-18 4 0 0 0 0 30 12 8 2 2
mtj3M_Bb0z8 2016-03-19 4 2 2 0 0 17 2 1 1 0
mtj3M_Bb0z8 2016-03-20 4 3 1 1 1 20 10 6 0 4
mtj3M_Bb0z8 2016-03-21 3 0 0 0 0 10 4 3 0 1
mtj3M_Bb0z8 2016-03-22 8 0 0 0 0 20 3 3 0 0
mtj3M_Bb0z8 2016-03-23 6 1 1 0 0 16 7 7 0 0
mtj3M_Bb0z8 2016-03-24 8 4 3 0 1 20 13 7 1 5
mtj3M_Bb0z8 2016-03-25 12 3 3 0 0 15 6 5 1 0
mtj3M_Bb0z8 2016-03-26 18 2 0 0 2 32 12 7 1 4
mtj3M_Bb0z8 2016-03-27 15 6 3 1 2 29 6 3 0 3
mtj3M_Bb0z8 2016-03-28 4 2 0 1 1 28 5 3 0 2
mtj3M_Bb0z8 2016-03-29 3 2 2 0 0 23 5 4 0 1
mtj3M_Bb0z8 2016-03-30 5 3 2 0 1 28 8 3 3 2
mtj3M_Bb0z8 2016-03-31 7 3 2 0 1 22 1 1 0 0
mtj3M_Bb0z8 2016-04-01 6 2 1 0 1 31 5 3 1 1
mtj3M_Bb0z8 2016-04-02 6 1 0 1 0 34 10 6 3 1
mtj3M_Bb0z8 2016-04-03 12 4 3 0 1 31 9 5 2 2
mtj3M_Bb0z8 2016-04-04 5 0 0 0 0 36 9 5 0 4
mtj3M_Bb0z8 2016-04-05 6 2 2 0 0 27 12 6 1 5
mtj3M_Bb0z8 2016-04-06 14 5 2 0 3 12 6 5 0 1
mtj3M_Bb0z8 2016-04-07 3 0 0 0 0 13 7 5 0 2
mtj3M_Bb0z8 2016-04-08 4 0 0 0 0 27 14 10 1 3
mtj3M_Bb0z8 2016-04-09 7 4 2 0 2 26 15 6 1 8
mtj3M_Bb0z8 2016-04-10 12 5 3 0 2 25 13 9 0 4
mtj3M_Bb0z8 2016-04-11 3 0 0 0 0 28 9 6 1 2
mtj3M_Bb0z8 2016-04-12 9 3 3 0 0 20 11 7 2 2
mtj3M_Bb0z8 2016-04-13 15 8 5 0 3 22 7 4 0 3
mtj3M_Bb0z8 2016-04-14 5 4 0 0 4 19 8 5 1 2
mtj3M_Bb0z8 2016-04-15 5 1 1 0 0 9 6 5 1 0
mtj3M_Bb0z8 2016-04-16 4 1 1 0 0 38 5 3 0 2
mtj3M_Bb0z8 2016-04-17 15 3 2 0 1 40 16 9 2 5
mtj3M_Bb0z8 2016-04-18 11 5 3 0 2 27 8 6 1 1
mtj3M_Bb0z8 2016-04-19 9 4 0 3 1 12 3 1 1 1
mtj3M_Bb0z8 2016-04-20 4 1 1 0 0 14 4 2 0 2
mtj3M_Bb0z8 2016-04-21 15 6 4 0 2 24 7 7 0 0
mtj3M_Bb0z8 2016-04-22 14 3 2 0 1 17 4 2 0 2
mtj3M_Bb0z8 2016-04-23 11 3 3 0 0 29 13 9 1 3
mtj3M_Bb0z8 2016-04-24 15 4 2 1 1 28 12 8 1 3
mtj3M_Bb0z8 2016-04-25 5 0 0 0 0 36 14 7 2 5
mtj3M_Bb0z8 2016-04-26 10 5 1 0 4 27 7 4 1 2
mtj3M_Bb0z8 2016-04-27 6 2 0 0 2 28 12 8 0 4
mtj3M_Bb0z8 2016-04-28 12 3 1 0 2 37 13 9 0 4
mtj3M_Bb0z8 2016-04-29 12 3 1 0 2 33 14 11 0 3
mtj3M_Bb0z8 2016-04-30 6 4 2 1 1 22 11 8 1 2
mtj3M_Bb0z8 2016-05-01 14 3 2 0 1 27 10 6 0 4
mtj3M_Bb0z8 2016-05-02 12 3 2 0 1 55 22 15 4 3
mtj3M_Bb0z8 2016-05-03 7 6 3 0 3 60 20 12 2 6
mtj3M_Bb0z8 2016-05-04 21 12 5 4 3 51 17 11 1 5
mtj3M_Bb0z8 2016-05-05 9 2 1 1 0 35 10 8 0 2
mtj3M_Bb0z8 2016-05-06 15 2 1 1 0 42 10 7 1 2
mtj3M_Bb0z8 2016-05-07 8 0 0 0 0 42 17 8 1 8
mtj3M_Bb0z8 2016-05-08 9 0 0 0 0 32 15 9 1 5
mtj3M_Bb0z8 2016-05-09 14 1 0 1 0 52 22 11 0 11
mtj3M_Bb0z8 2016-05-10 8 0 0 0 0 57 13 9 1 3
mtj3M_Bb0z8 2016-05-11 20 4 3 0 1 41 18 16 1 1
mtj3M_Bb0z8 2016-05-12 13 0 0 0 0 44 13 9 3 1
mtj3M_Bb0z8 2016-05-13 8 1 0 0 1 41 18 14 2 2
mtj3M_Bb0z8 2016-05-14 20 2 2 0 0 37 12 8 2 2
mtj3M_Bb0z8 2016-05-15 3 1 1 0 0 61 25 18 3 4
mtj3M_Bb0z8 2016-05-16 5 4 3 1 0 30 10 7 0 3
mtj3M_Bb0z8 2016-05-17 10 1 1 0 0 47 11 5 2 4
mtj3M_Bb0z8 2016-05-18 4 1 0 0 1 46 12 7 1 4
mtj3M_Bb0z8 2016-05-19 14 1 1 0 0 64 20 13 1 6
mtj3M_Bb0z8 2016-05-20 3 1 0 0 1 46 19 13 2 4
mtj3M_Bb0z8 2016-05-21 10 3 2 1 0 59 19 8 3 8
mtj3M_Bb0z8 2016-05-22 10 2 0 1 1 52 22 15 3 4
mtj3M_Bb0z8 2016-05-23 16 1 0 0 1 56 24 17 3 4
mtj3M_Bb0z8 2016-05-24 12 5 1 3 1 54 21 8 2 11
mtj3M_Bb0z8 2016-05-25 5 3 2 1 0 75 26 11 1 14
mtj3M_Bb0z8 2016-05-26 18 3 0 0 3 49 14 7 0 7
mtj3M_Bb0z8 2016-05-27 9 0 0 0 0 35 7 5 0 2
mtj3M_Bb0z8 2016-05-28 8 3 1 0 2 52 19 13 1 5
mtj3M_Bb0z8 2016-05-29 12 1 0 0 1 67 14 11 0 3
mtj3M_Bb0z8 2016-05-30 13 4 2 0 2 57 20 11 3 6
mtj3M_Bb0z8 2016-05-31 19 2 2 0 0 46 19 12 2 5
mtj3M_Bb0z8 2016-06-01 10 4 1 0 3 48 15 7 2 6
mtj3M_Bb0z8 2016-06-02 16 8 3 0 5 30 9 3 4 2
mtj3M_Bb0z8 2016-06-03 21 6 4 0 2 67 28 17 3 8
mtj3M_Bb0z8 2016-06-04 9 3 1 2 0 42 11 5 4 2
mtj3M_Bb0z8 2016-06-05 15 0 0 0 0 34 20 17 0 3
mtj3M_Bb0z8 2016-06-06 28 2 1 0 1 48 17 14 0 3
mtj3M_Bb0z8 2016-06-07 24 2 2 0 0 53 18 12 1 5
mtj3M_Bb0z8 2016-06-08 12 3 2 0 1 57 23 15 0 8
mtj3M_Bb0z8 2016-06-09 13 3 2 0 1 43 15 10 0 5
mtj3M_Bb0z8 2016-06-10 9 2 1 0 1 40 13 8 1 4
mtj3M_Bb0z8 2016-06-11 12 4 2 0 2 43 17 11 2 4
mtj3M_Bb0z8 2016-06-12 7 1 1 0 0 50 19 16 0 3
mtj3M_Bb0z8 2016-06-13 18 4 3 0 1 51 14 12 0 2
mtj3M_Bb0z8 2016-06-14 12 4 4 0 0 63 12 9 1 2
mtj3M_Bb0z8 2016-06-15 12 4 3 0 1 51 23 11 1 11
mtj3M_Bb0z8 2016-06-16 3 1 1 0 0 38 8 4 0 4
mtj3M_Bb0z8 2016-06-17 16 6 4 1 1 52 17 11 3 3
mtj3M_Bb0z8 2016-06-18 22 2 1 0 1 58 21 10 3 8
mtj3M_Bb0z8 2016-06-19 32 7 5 0 2 57 19 11 1 7
mtj3M_Bb0z8 2016-06-20 8 1 0 0 1 43 8 6 1 1
mtj3M_Bb0z8 2016-06-21 16 3 3 0 0 54 28 22 1 5
mtj3M_Bb0z8 2016-06-22 32 12 7 1 4 41 12 7 0 5
mtj3M_Bb0z8 2016-06-23 17 5 3 0 2 47 19 12 1 6
mtj3M_Bb0z8 2016-06-24 12 2 1 0 1 56 31 11 2 18
mtj3M_Bb0z8 2016-06-25 13 4 2 1 1 46 15 13 2 0
mtj3M_Bb0z8 2016-06-26 24 6 3 0 3 37 8 3 2 3
mtj3M_Bb0z8 2016-06-27 12 2 1 0 1 51 18 10 1 7
mtj3M_Bb0z8 2016-06-28 10 2 0 1 1 46 12 8 0 4
mtj3M_Bb0z8 2016-06-29 17 6 3 0 3 80 29 22 2 5
mtj3M_Bb0z8 2016-06-30 10 4 1 0 3 37 13 9 1 3
mtj3M_Bb0z8 2016-07-01 29 7 3 0 4 55 24 16 1 7
mtj3M_Bb0z8 2016-07-02 17 8 3 0 5 52 11 7 0 4
mtj3M_Bb0z8 2016-07-03 15 6 5 0 1 32 10 7 1 2
mtj3M_Bb0z8 2016-07-04 13 2 2 0 0 44 15 10 2 3
mtj3M_Bb0z8 2016-07-05 5 1 0 1 0 52 10 4 2 4
mtj3M_Bb0z8 2016-07-06 11 2 2 0 0 32 11 5 0 6
mtj3M_Bb0z8 2016-07-07 9 2 1 0 1 60 19 12 1 6
mtj3M_Bb0z8 2016-07-08 9 2 1 0 1 40 15 8 2 5
mtj3M_Bb0z8 2016-07-09 4 1 1 0 0 66 32 18 1 13
mtj3M_Bb0z8 2016-07-10 9 4 3 0 1 66 26 12 4 10
mtj3M_Bb0z8 2016-07-11 10 5 4 0 1 62 24 11 2 11
mtj3M_Bb0z8 2016-07-12 15 2 1 0 1 63 28 10 1 17
mtj3M_Bb0z8 2016-07-13 25 1 1 0 0 85 21 13 0 8
mtj3M_Bb0z8 2016-07-14 32 12 11 0 1 85 34 18 3 13
mtj3M_Bb0z8 2016-07-15 15 4 3 0 1 68 28 21 2 5
mtj3M_Bb0z8 2016-07-16 22 10 3 1 6 41 11 8 0 3
mtj3M_Bb0z8 2016-07-17 12 5 3 1 1 65 35 16 4 15
mtj3M_Bb0z8 2016-07-18 17 6 3 0 3 104 45 23 3 19
mtj3M_Bb0z8 2016-07-19 33 19 14 0 5 83 46 34 2 10
mtj3M_Bb0z8 2016-07-20 29 11 9 0 2 90 35 19 6 10
mtj3M_Bb0z8 2016-07-21 22 8 5 0 3 98 41 25 4 12
mtj3M_Bb0z8 2016-07-22 12 7 7 0 0 83 30 17 1 12
mtj3M_Bb0z8 2016-07-23 34 16 7 2 7 85 20 16 0 4
mtj3M_Bb0z8 2016-07-24 15 6 5 0 1 103 41 26 2 13
mtj3M_Bb0z8 2016-07-25 30 11 8 2 1 138 59 43 3 13
mtj3M_Bb0z8 2016-07-26 24 6 3 0 3 128 57 37 7 13
mtj3M_Bb0z8 2016-07-27 26 7 3 0 4 93 44 31 5 8
mtj3M_Bb0z8 2016-07-28 40 14 6 3 5 86 40 28 3 9
mtj3M_Bb0z8 2016-07-29 32 16 12 0 4 116 56 33 4 19
mtj3M_Bb0z8 2016-07-30 21 12 10 0 2 92 40 25 4 11
mtj3M_Bb0z8 2016-07-31 21 10 9 0 1 135 60 45 3 12
mtj3M_Bb0z8 2016-08-01 11 2 1 0 1 119 50 29 4 17
