video date target_total target_isis target_happy target_sad target_angry total isis happy sad angry
Ojr1LH0hx2I 2015-06-01 8 1 1 0 0 9 0 0 0 0
Ojr1LH0hx2I 2015-06-02 1 0 0 0 0 9 0 0 0 0
Ojr1LH0hx2I 2015-06-03 2 0 0 0 0 10 0 0 0 0
Ojr1LH0hx2I 2015-06-04 3 1 1 0 0 15 5 4 1 0
Ojr1LH0hx2I 2015-06-05 1 0 0 0 0 9 1 0 0 1
Ojr1LH0hx2I 2015-06-06 2 0 0 0 0 5 1 0 0 1
Ojr1LH0hx2I 2015-06-07 2 2 2 0 0 18 3 2 0 1
Ojr1LH0hx2I 2015-06-08 2 2 2 0 0 6 0 0 0 0
Ojr1LH0hx2I 2015-06-09 0 0 0 0 0 5 0 0 0 0
Ojr1LH0hx2I 2015-06-10 0 0 0 0 0 14 2 0 1 1
Ojr1LH0hx2I 2015-06-11 2 2 2 0 0 1 0 0 0 0
Ojr1LH0hx2I 2015-06-12 3 0 0 0 0 3 1 0 0 1
Ojr1LH0hx2I 2015-06-13 0 0 0 0 0 2 1 0 0 1
Ojr1LH0hx2I 2015-06-14 1 0 0 0 0 9 2 2 0 0
Ojr1LH0hx2I 2015-06-15 2 0 0 0 0 17 1 1 0 0
Ojr1LH0hx2I 2015-06-16 4 4 4 0 0 0 0 0 0 0
Ojr1LH0hx2I 2015-06-17 2 0 0 0 0 13 1 0 0 1
Ojr1LH0hx2I 2015-06-18 0 0 0 0 0 11 4 2 0 2
Ojr1LH0hx2I 2015-06-19 0 0 0 0 0 3 0 0 0 0
Ojr1LH0hx2I 2015-06-20 6 3 3 0 0 4 0 0 0 0
Ojr1LH0hx2I 2015-06-21 5 1 1 0 0 4 1 0 0 1
Ojr1LH0hx2I 2015-06-22 6 5 5 0 0 0 0 0 0 0
Ojr1LH0hx2I 2015-06-23 4 0 0 0 0 2 0 0 0 0
Ojr1LH0hx2I 2015-06-24 1 1 1 0 0 0 0 0 0 0
Ojr1LH0hx2I 2015-06-25 2 0 0 0 0 3 0 0 0 0
Ojr1LH0hx2I 2015-06-26 0 0 0 0 0 6 1 1 0 0
Ojr1LH0hx2I 2015-06-27 6 3 2 0 1 2 0 0 0 0
Ojr1LH0hx2I 2015-06-28 11 8 8 0 0 9 0 0 0 0
Ojr1LH0hx2I 2015-06-29 2 1 1 0 0 5 3 0 1 2
Ojr1LH0hx2I 2015-06-30 2 2 2 0 0 4 3 2 0 1
Ojr1LH0hx2I 2015-07-01 0 0 0 0 0 7 1 1 0 0
Ojr1LH0hx2I 2015-07-02 1 0 0 0 0 1 0 0 0 0
Ojr1LH0hx2I 2015-07-03 0 0 0 0 0 2 0 0 0 0
Ojr1LH0hx2I 2015-07-04 3 3 3 0 0 7 4 2 0 2
Ojr1LH0hx2I 2015-07-05 0 0 0 0 0 7 1 0 0 1
Ojr1LH0hx2I 2015-07-06 8 2 2 0 0 6 1 1 0 0
Ojr1LH0hx2I 2015-07-07 2 0 0 0 0 8 0 0 0 0
Ojr1LH0hx2I 2015-07-08 0 0 0 0 0 15 2 1 0 1
Ojr1LH0hx2I 2015-07-09 0 0 0 0 0 3 0 0 0 0
Ojr1LH0hx2I 2015-07-10 2 0 0 0 0 7 1 0 0 1
Ojr1LH0hx2I 2015-07-11 1 0 0 0 0 2 2 1 0 1
Ojr1LH0hx2I 2015-07-12 0 0 0 0 0 5 2 1 1 0
Ojr1LH0hx2I 2015-07-13 2 0 0 0 0 9 0 0 0 0
Ojr1LH0hx2I 2015-07-14 0 0 0 0 0 6 0 0 0 0
Ojr1LH0hx2I 2015-07-15 0 0 0 0 0 6 0 0 0 0
Ojr1LH0hx2I 2015-07-16 2 0 0 0 0 7 1 0 0 1
Ojr1LH0hx2I 2015-07-17 1 1 1 0 0 2 0 0 0 0
Ojr1LH0hx2I 2015-07-18 0 0 0 0 0 10 2 1 0 1
Ojr1LH0hx2I 2015-07-19 0 0 0 0 0 11 1 0 0 1
Ojr1LH0hx2I 2015-07-20 0 0 0 0 0 7 1 0 0 1
Ojr1LH0hx2I 2015-07-21 0 0 0 0 0 9 3 2 0 1
Ojr1LH0hx2I 2015-07-22 0 0 0 0 0 13 1 1 0 0
Ojr1LH0hx2I 2015-07-23 0 0 0 0 0 7 1 1 0 0
Ojr1LH0hx2I 2015-07-24 1 0 0 0 0 7 2 1 0 1
Ojr1LH0hx2I 2015-07-25 1 1 1 0 0 6 2 2 0 0
Ojr1LH0hx2I 2015-07-26 0 0 0 0 0 11 0 0 0 0
Ojr1LH0hx2I 2015-07-27 0 0 0 0 0 16 6 5 0 1
Ojr1LH0hx2I 2015-07-28 1 0 0 0 0 7 2 0 1 1
Ojr1LH0hx2I 2015-07-29 0 0 0 0 0 11 3 2 0 1
Ojr1LH0hx2I 2015-07-30 2 1 1 0 0 9 2 0 0 2
Ojr1LH0hx2I 2015-07-31 1 0 0 0 0 7 2 2 0 0
Ojr1LH0hx2I 2015-08-01 1 0 0 0 0 7 3 2 0 1
Ojr1LH0hx2I 2015-08-02 0 0 0 0 0 15 4 2 1 1
Ojr1LH0hx2I 2015-08-03 0 0 0 0 0 13 2 1 0 1
Ojr1LH0hx2I 2015-08-04 0 0 0 0 0 12 2 2 0 0
Ojr1LH0hx2I 2015-08-05 0 0 0 0 0 14 3 1 0 2
Ojr1LH0hx2I 2015-08-06 1 0 0 0 0 7 4 2 1 1
Ojr1LH0hx2I 2015-08-07 1 1 1 0 0 4 1 1 0 0
Ojr1LH0hx2I 2015-08-08 0 0 0 0 0 11 2 2 0 0
Ojr1LH0hx2I 2015-08-09 1 0 0 0 0 9 0 0 0 0
Ojr1LH0hx2I 2015-08-10 0 0 0 0 0 11 0 0 0 0
Ojr1LH0hx2I 2015-08-11 1 0 0 0 0 7 0 0 0 0
Ojr1LH0hx2I 2015-08-12 0 0 0 0 0 13 2 0 1 1
Ojr1LH0hx2I 2015-08-13 1 0 0 0 0 10 3 3 0 0
Ojr1LH0hx2I 2015-08-14 1 0 0 0 0 19 5 4 0 1
Ojr1LH0hx2I 2015-08-15 1 0 0 0 0 16 6 5 1 0
Ojr1LH0hx2I 2015-08-16 0 0 0 0 0 8 3 0 0 3
Ojr1LH0hx2I 2015-08-17 0 0 0 0 0 15 1 1 0 0
Ojr1LH0hx2I 2015-08-18 1 1 1 0 0 23 4 3 0 1
Ojr1LH0hx2I 2015-08-19 1 0 0 0 0 12 2 2 0 0
Ojr1LH0hx2I 2015-08-20 1 0 0 0 0 9 5 4 0 1
Ojr1LH0hx2I 2015-08-21 0 0 0 0 0 5 0 0 0 0
Ojr1LH0hx2I 2015-08-22 0 0 0 0 0 5 2 1 1 0
Ojr1LH0hx2I 2015-08-23 0 0 0 0 0 10 2 1 0 1
Ojr1LH0hx2I 2015-08-24 3 0 0 0 0 1 0 0 0 0
Ojr1LH0hx2I 2015-08-25 1 0 0 0 0 7 0 0 0 0
Ojr1LH0hx2I 2015-08-26 1 0 0 0 0 5 0 0 0 0
Ojr1LH0hx2I 2015-08-27 5 0 0 0 0 10 0 0 0 0
Ojr1LH0hx2I 2015-08-28 1 0 0 0 0 11 4 4 0 0
Ojr1LH0hx2I 2015-08-29 0 0 0 0 0 23 4 3 0 1
Ojr1LH0hx2I 2015-08-30 2 0 0 0 0 8 5 4 1 0
Ojr1LH0hx2I 2015-08-31 2 2 2 0 0 6 3 3 0 0
Ojr1LH0hx2I 2015-09-01 0 0 0 0 0 20 4 4 0 0
Ojr1LH0hx2I 2015-09-02 1 0 0 0 0 23 6 5 0 1
Ojr1LH0hx2I 2015-09-03 1 0 0 0 0 10 1 0 0 1
Ojr1LH0hx2I 2015-09-04 0 0 0 0 0 12 0 0 0 0
Ojr1LH0hx2I 2015-09-05 0 0 0 0 0 15 1 1 0 0
Ojr1LH0hx2I 2015-09-06 3 0 0 0 0 20 7 5 0 2
Ojr1LH0hx2I 2015-09-07 0 0 0 0 0 28 4 2 0 2
Ojr1LH0hx2I 2015-09-08 0 0 0 0 0 24 1 1 0 0
Ojr1LH0hx2I 2015-09-09 2 0 0 0 0 4 0 0 0 0
Ojr1LH0hx2I 2015-09-10 0 0 0 0 0 14 3 2 0 1
Ojr1LH0hx2I 2015-09-11 0 0 0 0 0 18 0 0 0 0
Ojr1LH0hx2I 2015-09-12 0 0 0 0 0 14 1 1 0 0
Ojr1LH0hx2I 2015-09-13 1 0 0 0 0 13 3 3 0 0
Ojr1LH0hx2I 2015-09-14 0 0 0 0 0 3 0 0 0 0
Ojr1LH0hx2I 2015-09-15 1 0 0 0 0 3 0 0 0 0
Ojr1LH0hx2I 2015-09-16 0 0 0 0 0 15 5 3 0 2
Ojr1LH0hx2I 2015-09-17 1 0 0 0 0 23 5 4 0 1
Ojr1LH0hx2I 2015-09-18 1 0 0 0 0 9 3 2 0 1
Ojr1LH0hx2I 2015-09-19 0 0 0 0 0 6 0 0 0 0
Ojr1LH0hx2I 2015-09-20 1 0 0 0 0 15 2 2 0 0
Ojr1LH0hx2I 2015-09-21 1 0 0 0 0 19 9 6 0 3
Ojr1LH0hx2I 2015-09-22 2 1 1 0 0 17 5 2 1 2
Ojr1LH0hx2I 2015-09-23 1 0 0 0 0 13 4 3 0 1
Ojr1LH0hx2I 2015-09-24 0 0 0 0 0 15 6 5 0 1
Ojr1LH0hx2I 2015-09-25 0 0 0 0 0 19 4 4 0 0
Ojr1LH0hx2I 2015-09-26 1 1 0 0 1 41 8 5 0 3
Ojr1LH0hx2I 2015-09-27 1 0 0 0 0 12 3 3 0 0
Ojr1LH0hx2I 2015-09-28 0 0 0 0 0 25 6 5 0 1
Ojr1LH0hx2I 2015-09-29 0 0 0 0 0 10 3 1 0 2
Ojr1LH0hx2I 2015-09-30 0 0 0 0 0 10 1 1 0 0
Ojr1LH0hx2I 2015-10-01 1 0 0 0 0 18 5 4 0 1
Ojr1LH0hx2I 2015-10-02 0 0 0 0 0 15 2 2 0 0
Ojr1LH0hx2I 2015-10-03 2 0 0 0 0 16 2 0 0 2
Ojr1LH0hx2I 2015-10-04 0 0 0 0 0 23 5 5 0 0
Ojr1LH0hx2I 2015-10-05 2 0 0 0 0 23 6 5 0 1
Ojr1LH0hx2I 2015-10-06 3 0 0 0 0 42 4 3 0 1
Ojr1LH0hx2I 2015-10-07 1 0 0 0 0 31 7 6 1 0
Ojr1LH0hx2I 2015-10-08 0 0 0 0 0 29 3 3 0 0
Ojr1LH0hx2I 2015-10-09 0 0 0 0 0 18 6 4 0 2
Ojr1LH0hx2I 2015-10-10 0 0 0 0 0 41 3 2 0 1
Ojr1LH0hx2I 2015-10-11 1 1 0 0 1 10 0 0 0 0
Ojr1LH0hx2I 2015-10-12 1 0 0 0 0 34 6 2 0 4
Ojr1LH0hx2I 2015-10-13 3 0 0 0 0 26 3 3 0 0
Ojr1LH0hx2I 2015-10-14 0 0 0 0 0 36 5 2 1 2
Ojr1LH0hx2I 2015-10-15 0 0 0 0 0 15 3 3 0 0
Ojr1LH0hx2I 2015-10-16 0 0 0 0 0 31 2 1 1 0
Ojr1LH0hx2I 2015-10-17 4 1 0 0 1 22 1 0 0 1
Ojr1LH0hx2I 2015-10-18 3 1 0 0 1 15 5 2 0 3
Ojr1LH0hx2I 2015-10-19 1 0 0 0 0 24 4 2 1 1
Ojr1LH0hx2I 2015-10-20 2 1 0 0 1 24 3 0 0 3
Ojr1LH0hx2I 2015-10-21 1 0 0 0 0 40 3 2 0 1
Ojr1LH0hx2I 2015-10-22 0 0 0 0 0 21 3 1 0 2
Ojr1LH0hx2I 2015-10-23 1 0 0 0 0 18 5 1 2 2
Ojr1LH0hx2I 2015-10-24 3 0 0 0 0 46 3 2 0 1
Ojr1LH0hx2I 2015-10-25 4 0 0 0 0 23 2 2 0 0
Ojr1LH0hx2I 2015-10-26 3 0 0 0 0 25 3 2 0 1
Ojr1LH0hx2I 2015-10-27 0 0 0 0 0 16 4 2 0 2
Ojr1LH0hx2I 2015-10-28 1 0 0 0 0 24 2 0 0 2
Ojr1LH0hx2I 2015-10-29 4 0 0 0 0 21 7 2 0 5
Ojr1LH0hx2I 2015-10-30 2 0 0 0 0 20 6 3 0 3
Ojr1LH0hx2I 2015-10-31 2 1 0 0 1 31 4 1 0 3
Ojr1LH0hx2I 2015-11-01 3 0 0 0 0 9 0 0 0 0
Ojr1LH0hx2I 2015-11-02 12 2 1 1 0 39 0 0 0 0
Ojr1LH0hx2I 2015-11-03 3 0 0 0 0 30 7 3 0 4
Ojr1LH0hx2I 2015-11-04 0 0 0 0 0 17 2 1 0 1
Ojr1LH0hx2I 2015-11-05 4 0 0 0 0 25 2 2 0 0
Ojr1LH0hx2I 2015-11-06 1 0 0 0 0 47 0 0 0 0
Ojr1LH0hx2I 2015-11-07 2 0 0 0 0 37 7 2 0 5
Ojr1LH0hx2I 2015-11-08 1 0 0 0 0 24 6 4 1 1
Ojr1LH0hx2I 2015-11-09 0 0 0 0 0 43 4 1 1 2
Ojr1LH0hx2I 2015-11-10 5 0 0 0 0 25 1 0 0 1
Ojr1LH0hx2I 2015-11-11 1 1 1 0 0 25 2 2 0 0
Ojr1LH0hx2I 2015-11-12 9 4 2 0 2 44 2 1 0 1
Ojr1LH0hx2I 2015-11-13 5 1 1 0 0 30 1 0 0 1
Ojr1LH0hx2I 2015-11-14 6 1 0 0 1 30 4 4 0 0
Ojr1LH0hx2I 2015-11-15 4 1 0 0 1 32 5 2 0 3
Ojr1LH0hx2I 2015-11-16 3 0 0 0 0 32 5 2 0 3
Ojr1LH0hx2I 2015-11-17 4 1 0 0 1 37 7 3 1 3
Ojr1LH0hx2I 2015-11-18 3 1 1 0 0 33 3 3 0 0
Ojr1LH0hx2I 2015-11-19 5 0 0 0 0 15 2 1 0 1
Ojr1LH0hx2I 2015-11-20 3 1 1 0 0 9 2 1 0 1
Ojr1LH0hx2I 2015-11-21 9 7 6 0 1 15 3 2 0 1
Ojr1LH0hx2I 2015-11-22 3 0 0 0 0 30 5 3 1 1
Ojr1LH0hx2I 2015-11-23 4 0 0 0 0 21 2 2 0 0
Ojr1LH0hx2I 2015-11-24 0 0 0 0 0 27 2 2 0 0
Ojr1LH0hx2I 2015-11-25 2 2 2 0 0 18 2 1 0 1
Ojr1LH0hx2I 2015-11-26 2 0 0 0 0 19 3 3 0 0
Ojr1LH0hx2I 2015-11-27 1 0 0 0 0 22 1 1 0 0
Ojr1LH0hx2I 2015-11-28 0 0 0 0 0 39 12 10 1 1
Ojr1LH0hx2I 2015-11-29 2 1 1 0 0 29 9 5 1 3
Ojr1LH0hx2I 2015-11-30 3 1 0 0 1 38 3 1 0 2
Ojr1LH0hx2I 2015-12-01 2 0 0 0 0 26 4 2 0 2
Ojr1LH0hx2I 2015-12-02 2 1 1 0 0 35 5 4 0 1
Ojr1LH0hx2I 2015-12-03 4 1 0 0 1 41 3 2 1 0
Ojr1LH0hx2I 2015-12-04 1 0 0 0 0 33 1 0 0 1
Ojr1LH0hx2I 2015-12-05 2 0 0 0 0 23 1 0 0 1
Ojr1LH0hx2I 2015-12-06 1 0 0 0 0 21 4 3 0 1
Ojr1LH0hx2I 2015-12-07 3 0 0 0 0 15 2 1 0 1
Ojr1LH0hx2I 2015-12-08 1 0 0 0 0 23 1 1 0 0
Ojr1LH0hx2I 2015-12-09 3 0 0 0 0 14 3 0 0 3
Ojr1LH0hx2I 2015-12-10 1 0 0 0 0 19 0 0 0 0
Ojr1LH0hx2I 2015-12-11 1 0 0 0 0 25 5 5 0 0
Ojr1LH0hx2I 2015-12-12 1 0 0 0 0 15 0 0 0 0
Ojr1LH0hx2I 2015-12-13 2 0 0 0 0 23 5 4 0 1
Ojr1LH0hx2I 2015-12-14 7 0 0 0 0 18 1 1 0 0
Ojr1LH0hx2I 2015-12-15 5 3 2 0 1 22 4 4 0 0
Ojr1LH0hx2I 2015-12-16 6 1 1 0 0 16 4 3 0 1
Ojr1LH0hx2I 2015-12-17 4 2 1 0 1 21 1 0 0 1
Ojr1LH0hx2I 2015-12-18 0 0 0 0 0 17 3 1 1 1
Ojr1LH0hx2I 2015-12-19 3 0 0 0 0 17 2 0 0 2
Ojr1LH0hx2I 2015-12-20 4 0 0 0 0 15 4 3 0 1
Ojr1LH0hx2I 2015-12-21 2 0 0 0 0 18 1 0 0 1
Ojr1LH0hx2I 2015-12-22 4 0 0 0 0 15 1 0 0 1
Ojr1LH0hx2I 2015-12-23 0 0 0 0 0 18 1 1 0 0
Ojr1LH0hx2I 2015-12-24 4 0 0 0 0 19 5 4 0 1
Ojr1LH0hx2I 2015-12-25 2 1 1 0 0 61 5 3 0 2
Ojr1LH0hx2I 2015-12-26 1 0 0 0 0 22 5 4 0 1
Ojr1LH0hx2I 2015-12-27 2 2 2 0 0 26 4 2 1 1
Ojr1LH0hx2I 2015-12-28 4 1 0 0 1 25 10 9 1 0
Ojr1LH0hx2I 2015-12-29 3 0 0 0 0 26 6 4 1 1
Ojr1LH0hx2I 2015-12-30 7 1 0 0 1 24 4 2 0 2
Ojr1LH0hx2I 2015-12-31 7 1 1 0 0 24 3 1 0 2
Ojr1LH0hx2I 2016-01-01 7 0 0 0 0 26 6 4 0 2
Ojr1LH0hx2I 2016-01-02 6 0 0 0 0 29 3 2 0 1
Ojr1LH0hx2I 2016-01-03 10 1 0 0 1 42 2 1 0 1
Ojr1LH0hx2I 2016-01-04 17 3 3 0 0 24 4 2 0 2
Ojr1LH0hx2I 2016-01-05 3 0 0 0 0 15 1 1 0 0
Ojr1LH0hx2I 2016-01-06 12 1 1 0 0 35 5 3 1 1
Ojr1LH0hx2I 2016-01-07 10 0 0 0 0 18 2 1 0 1
Ojr1LH0hx2I 2016-01-08 11 0 0 0 0 27 2 1 0 1
Ojr1LH0hx2I 2016-01-09 9 0 0 0 0 12 0 0 0 0
Ojr1LH0hx2I 2016-01-10 6 0 0 0 0 13 3 1 0 2
Ojr1LH0hx2I 2016-01-11 13 3 2 0 1 12 2 2 0 0
Ojr1LH0hx2I 2016-01-12 3 0 0 0 0 12 3 1 0 2
Ojr1LH0hx2I 2016-01-13 12 2 0 0 2 9 1 1 0 0
Ojr1LH0hx2I 2016-01-14 3 0 0 0 0 21 2 1 0 1
Ojr1LH0hx2I 2016-01-15 10 0 0 0 0 16 5 3 0 2
Ojr1LH0hx2I 2016-01-16 11 0 0 0 0 24 1 1 0 0
Ojr1LH0hx2I 2016-01-17 12 1 0 0 1 16 1 1 0 0
Ojr1LH0hx2I 2016-01-18 16 1 1 0 0 13 2 1 0 1
Ojr1LH0hx2I 2016-01-19 16 0 0 0 0 25 2 2 0 0
Ojr1LH0hx2I 2016-01-20 10 0 0 0 0 19 4 1 1 2
Ojr1LH0hx2I 2016-01-21 4 0 0 0 0 19 3 1 0 2
Ojr1LH0hx2I 2016-01-22 15 0 0 0 0 10 1 0 0 1
Ojr1LH0hx2I 2016-01-23 12 0 0 0 0 24 1 1 0 0
Ojr1LH0hx2I 2016-01-24 18 4 0 0 4 15 2 1 0 1
Ojr1LH0hx2I 2016-01-25 29 2 0 0 2 14 4 2 0 2
Ojr1LH0hx2I 2016-01-26 11 0 0 0 0 10 1 1 0 0
Ojr1LH0hx2I 2016-01-27 9 0 0 0 0 14 3 1 0 2
Ojr1LH0hx2I 2016-01-28 18 1 0 0 1 20 3 3 0 0
Ojr1LH0hx2I 2016-01-29 6 0 0 0 0 6 0 0 0 0
Ojr1LH0hx2I 2016-01-30 5 0 0 0 0 11 5 3 0 2
Ojr1LH0hx2I 2016-01-31 9 0 0 0 0 11 2 1 0 1
Ojr1LH0hx2I 2016-02-01 7 0 0 0 0 19 2 0 0 2
Ojr1LH0hx2I 2016-02-02 5 1 1 0 0 13 1 1 0 0
Ojr1LH0hx2I 2016-02-03 6 0 0 0 0 13 5 2 0 3
Ojr1LH0hx2I 2016-02-04 3 0 0 0 0 21 4 3 0 1
Ojr1LH0hx2I 2016-02-05 4 0 0 0 0 30 6 1 1 4
Ojr1LH0hx2I 2016-02-06 2 0 0 0 0 26 0 0 0 0
Ojr1LH0hx2I 2016-02-07 7 0 0 0 0 18 1 0 0 1
Ojr1LH0hx2I 2016-02-08 3 0 0 0 0 12 1 1 0 0
Ojr1LH0hx2I 2016-02-09 10 0 0 0 0 12 0 0 0 0
Ojr1LH0hx2I 2016-02-10 6 1 1 0 0 29 3 3 0 0
Ojr1LH0hx2I 2016-02-11 10 0 0 0 0 12 2 2 0 0
Ojr1LH0hx2I 2016-02-12 3 0 0 0 0 13 1 1 0 0
Ojr1LH0hx2I 2016-02-13 8 0 0 0 0 22 2 1 0 1
Ojr1LH0hx2I 2016-02-14 4 0 0 0 0 28 1 1 0 0
Ojr1LH0hx2I 2016-02-15 2 0 0 0 0 24 0 0 0 0
Ojr1LH0hx2I 2016-02-16 4 0 0 0 0 26 9 5 0 4
Ojr1LH0hx2I 2016-02-17 14 1 1 0 0 19 0 0 0 0
Ojr1LH0hx2I 2016-02-18 4 0 0 0 0 31 4 2 0 2
Ojr1LH0hx2I 2016-02-19 9 0 0 0 0 30 2 0 0 2
Ojr1LH0hx2I 2016-02-20 2 1 1 0 0 33 5 3 2 0
Ojr1LH0hx2I 2016-02-21 8 0 0 0 0 41 4 3 0 1
Ojr1LH0hx2I 2016-02-22 7 1 0 0 1 36 5 5 0 0
Ojr1LH0hx2I 2016-02-23 6 1 0 0 1 29 5 2 0 3
Ojr1LH0hx2I 2016-02-24 1 0 0 0 0 32 6 3 1 2
Ojr1LH0hx2I 2016-02-25 4 0 0 0 0 27 6 3 2 1
Ojr1LH0hx2I 2016-02-26 3 1 0 0 1 33 6 6 0 0
Ojr1LH0hx2I 2016-02-27 8 0 0 0 0 25 2 1 0 1
Ojr1LH0hx2I 2016-02-28 2 0 0 0 0 20 5 2 0 3
Ojr1LH0hx2I 2016-02-29 5 1 0 1 0 14 4 1 0 3
Ojr1LH0hx2I 2016-03-01 3 0 0 0 0 28 6 5 0 1
Ojr1LH0hx2I 2016-03-02 2 1 0 0 1 48 11 11 0 0
Ojr1LH0hx2I 2016-03-03 7 0 0 0 0 22 3 1 0 2
Ojr1LH0hx2I 2016-03-04 10 2 1 0 1 27 7 4 0 3
Ojr1LH0hx2I 2016-03-05 8 1 0 1 0 34 5 1 1 3
Ojr1LH0hx2I 2016-03-06 6 2 2 0 0 26 6 3 0 3
Ojr1LH0hx2I 2016-03-07 7 1 1 0 0 24 3 3 0 0
Ojr1LH0hx2I 2016-03-08 7 1 1 0 0 35 13 13 0 0
Ojr1LH0hx2I 2016-03-09 3 1 0 0 1 28 10 5 0 5
Ojr1LH0hx2I 2016-03-10 5 0 0 0 0 18 1 1 0 0
Ojr1LH0hx2I 2016-03-11 7 0 0 0 0 24 2 0 0 2
Ojr1LH0hx2I 2016-03-12 3 0 0 0 0 26 1 0 1 0
Ojr1LH0hx2I 2016-03-13 1 0 0 0 0 34 2 1 0 1
Ojr1LH0hx2I 2016-03-14 6 0 0 0 0 28 3 2 0 1
Ojr1LH0hx2I 2016-03-15 5 1 1 0 0 26 5 2 1 2
Ojr1LH0hx2I 2016-03-16 6 2 0 1 1 25 1 0 0 1
Ojr1LH0hx2I 2016-03-17 5 1 1 0 0 32 4 3 1 0
Ojr1LH0hx2I 2016-03-18 2 0 0 0 0 36 1 1 0 0
Ojr1LH0hx2I 2016-03-19 6 1 1 0 0 34 4 4 0 0
Ojr1LH0hx2I 2016-03-20 5 0 0 0 0 27 4 0 1 3
Ojr1LH0hx2I 2016-03-21 0 0 0 0 0 33 5 3 1 1
Ojr1LH0hx2I 2016-03-22 1 0 0 0 0 30 5 5 0 0
Ojr1LH0hx2I 2016-03-23 5 0 0 0 0 24 3 2 0 1
Ojr1LH0hx2I 2016-03-24 7 0 0 0 0 28 4 2 0 2
Ojr1LH0hx2I 2016-03-25 4 1 1 0 0 27 2 1 0 1
Ojr1LH0hx2I 2016-03-26 8 1 1 0 0 46 5 2 1 2
Ojr1LH0hx2I 2016-03-27 4 0 0 0 0 55 2 1 0 1
Ojr1LH0hx2I 2016-03-28 9 1 1 0 0 35 4 3 0 1
Ojr1LH0hx2I 2016-03-29 6 2 2 0 0 25 5 2 0 3
Ojr1LH0hx2I 2016-03-30 5 2 2 0 0 44 8 3 0 5
Ojr1LH0hx2I 2016-03-31 4 0 0 0 0 30 5 1 1 3
Ojr1LH0hx2I 2016-04-01 3 1 0 1 0 34 6 5 0 1
Ojr1LH0hx2I 2016-04-02 4 0 0 0 0 29 2 2 0 0
Ojr1LH0hx2I 2016-04-03 4 3 3 0 0 38 2 2 0 0
Ojr1LH0hx2I 2016-04-04 7 2 2 0 0 37 3 1 1 1
Ojr1LH0hx2I 2016-04-05 4 2 2 0 0 20 1 1 0 0
Ojr1LH0hx2I 2016-04-06 3 0 0 0 0 26 4 2 0 2
Ojr1LH0hx2I 2016-04-07 4 0 0 0 0 23 3 2 0 1
Ojr1LH0hx2I 2016-04-08 2 0 0 0 0 31 3 1 1 1
Ojr1LH0hx2I 2016-04-09 7 4 3 1 0 40 6 5 0 1
Ojr1LH0hx2I 2016-04-10 2 1 0 0 1 21 0 0 0 0
Ojr1LH0hx2I 2016-04-11 3 1 1 0 0 23 1 1 0 0
Ojr1LH0hx2I 2016-04-12 4 1 1 0 0 25 6 4 1 1
Ojr1LH0hx2I 2016-04-13 3 1 1 0 0 36 2 1 0 1
Ojr1LH0hx2I 2016-04-14 1 0 0 0 0 24 7 5 0 2
Ojr1LH0hx2I 2016-04-15 2 0 0 0 0 41 4 3 0 1
Ojr1LH0hx2I 2016-04-16 7 0 0 0 0 42 2 2 0 0
Ojr1LH0hx2I 2016-04-17 8 1 0 0 1 28 6 5 0 1
Ojr1LH0hx2I 2016-04-18 5 0 0 0 0 35 6 3 0 3
Ojr1LH0hx2I 2016-04-19 5 0 0 0 0 33 4 3 0 1
Ojr1LH0hx2I 2016-04-20 3 0 0 0 0 34 5 4 0 1
Ojr1LH0hx2I 2016-04-21 10 1 0 0 1 37 9 5 0 4
Ojr1LH0hx2I 2016-04-22 3 0 0 0 0 42 7 6 0 1
Ojr1LH0hx2I 2016-04-23 12 2 0 0 2 73 6 1 0 5
Ojr1LH0hx2I 2016-04-24 2 0 0 0 0 55 6 2 1 3
Ojr1LH0hx2I 2016-04-25 3 0 0 0 0 50 4 2 0 2
Ojr1LH0hx2I 2016-04-26 1 0 0 0 0 51 5 3 0 2
Ojr1LH0hx2I 2016-04-27 5 1 0 0 1 64 15 11 1 3
Ojr1LH0hx2I 2016-04-28 4 0 0 0 0 41 2 1 1 0
Ojr1LH0hx2I 2016-04-29 8 0 0 0 0 69 7 4 0 3
Ojr1LH0hx2I 2016-04-30 5 0 0 0 0 102 13 6 3 4
Ojr1LH0hx2I 2016-05-01 4 0 0 0 0 74 9 7 0 2
Ojr1LH0hx2I 2016-05-02 12 1 0 0 1 56 5 3 0 2
Ojr1LH0hx2I 2016-05-03 5 1 0 0 1 54 5 2 0 3
Ojr1LH0hx2I 2016-05-04 2 0 0 0 0 47 9 4 0 5
Ojr1LH0hx2I 2016-05-05 11 1 0 1 0 52 6 2 1 3
Ojr1LH0hx2I 2016-05-06 21 1 0 0 1 57 8 3 1 4
Ojr1LH0hx2I 2016-05-07 11 0 0 0 0 78 8 4 0 4
Ojr1LH0hx2I 2016-05-08 7 1 1 0 0 43 3 0 1 2
Ojr1LH0hx2I 2016-05-09 5 2 1 0 1 72 5 2 2 1
Ojr1LH0hx2I 2016-05-10 3 0 0 0 0 38 7 5 0 2
Ojr1LH0hx2I 2016-05-11 2 0 0 0 0 31 2 1 0 1
Ojr1LH0hx2I 2016-05-12 10 4 4 0 0 45 5 3 0 2
Ojr1LH0hx2I 2016-05-13 25 2 2 0 0 50 3 2 0 1
Ojr1LH0hx2I 2016-05-14 11 1 1 0 0 27 1 0 0 1
Ojr1LH0hx2I 2016-05-15 2 0 0 0 0 36 1 1 0 0
Ojr1LH0hx2I 2016-05-16 17 4 4 0 0 46 4 2 0 2
Ojr1LH0hx2I 2016-05-17 14 0 0 0 0 41 5 4 0 1
Ojr1LH0hx2I 2016-05-18 3 0 0 0 0 22 4 1 0 3
Ojr1LH0hx2I 2016-05-19 12 0 0 0 0 51 9 4 2 3
Ojr1LH0hx2I 2016-05-20 8 0 0 0 0 55 7 3 1 3
Ojr1LH0hx2I 2016-05-21 20 5 3 1 1 62 3 1 0 2
Ojr1LH0hx2I 2016-05-22 2 0 0 0 0 52 3 3 0 0
Ojr1LH0hx2I 2016-05-23 22 2 1 1 0 39 2 1 0 1
Ojr1LH0hx2I 2016-05-24 37 3 2 0 1 44 3 2 1 0
Ojr1LH0hx2I 2016-05-25 32 4 3 0 1 58 6 2 0 4
Ojr1LH0hx2I 2016-05-26 18 0 0 0 0 39 4 1 1 2
Ojr1LH0hx2I 2016-05-27 36 6 2 0 4 52 7 2 0 5
Ojr1LH0hx2I 2016-05-28 35 3 2 0 1 39 7 2 0 5
Ojr1LH0hx2I 2016-05-29 22 0 0 0 0 55 1 0 0 1
Ojr1LH0hx2I 2016-05-30 26 2 0 0 2 62 7 5 1 1
Ojr1LH0hx2I 2016-05-31 33 3 1 0 2 44 5 3 0 2
Ojr1LH0hx2I 2016-06-01 45 3 1 0 2 64 5 3 1 1
Ojr1LH0hx2I 2016-06-02 44 11 4 0 7 70 9 4 2 3
Ojr1LH0hx2I 2016-06-03 36 1 0 0 1 35 4 0 0 4
Ojr1LH0hx2I 2016-06-04 21 0 0 0 0 41 3 1 0 2
Ojr1LH0hx2I 2016-06-05 12 1 0 0 1 41 3 0 1 2
Ojr1LH0hx2I 2016-06-06 18 2 2 0 0 55 10 4 0 6
Ojr1LH0hx2I 2016-06-07 27 3 2 0 1 46 5 3 0 2
Ojr1LH0hx2I 2016-06-08 17 4 2 0 2 47 4 3 0 1
Ojr1LH0hx2I 2016-06-09 21 4 1 0 3 53 9 4 1 4
Ojr1LH0hx2I 2016-06-10 19 4 1 0 3 70 9 5 0 4
Ojr1LH0hx2I 2016-06-11 25 5 2 0 3 75 9 3 1 5
Ojr1LH0hx2I 2016-06-12 10 1 1 0 0 75 9 6 1 2
Ojr1LH0hx2I 2016-06-13 12 2 1 1 0 60 4 3 0 1
Ojr1LH0hx2I 2016-06-14 14 0 0 0 0 67 8 3 0 5
Ojr1LH0hx2I 2016-06-15 11 0 0 0 0 42 4 4 0 0
Ojr1LH0hx2I 2016-06-16 19 6 1 1 4 52 10 3 1 6
Ojr1LH0hx2I 2016-06-17 9 1 1 0 0 51 6 4 0 2
Ojr1LH0hx2I 2016-06-18 6 1 1 0 0 83 6 4 0 2
Ojr1LH0hx2I 2016-06-19 13 4 2 0 2 83 10 5 0 5
Ojr1LH0hx2I 2016-06-20 6 0 0 0 0 73 5 5 0 0
Ojr1LH0hx2I 2016-06-21 14 2 1 0 1 80 6 5 0 1
Ojr1LH0hx2I 2016-06-22 15 2 1 0 1 55 6 2 0 4
Ojr1LH0hx2I 2016-06-23 17 2 1 0 1 52 6 3 0 3
Ojr1LH0hx2I 2016-06-24 16 1 0 0 1 62 9 2 1 6
Ojr1LH0hx2I 2016-06-25 16 2 1 0 1 69 7 2 2 3
Ojr1LH0hx2I 2016-06-26 22 2 1 0 1 79 6 2 0 4
Ojr1LH0hx2I 2016-06-27 15 4 3 1 0 58 10 6 0 4
Ojr1LH0hx2I 2016-06-28 22 3 1 0 2 51 6 5 1 0
Ojr1LH0hx2I 2016-06-29 18 2 1 0 1 67 5 4 0 1
Ojr1LH0hx2I 2016-06-30 8 0 0 0 0 72 10 8 0 2
Ojr1LH0hx2I 2016-07-01 20 2 1 0 1 73 14 12 0 2
Ojr1LH0hx2I 2016-07-02 15 0 0 0 0 59 6 6 0 0
Ojr1LH0hx2I 2016-07-03 12 2 1 0 1 88 13 8 1 4
Ojr1LH0hx2I 2016-07-04 12 4 0 0 4 99 25 15 0 10
Ojr1LH0hx2I 2016-07-05 27 8 2 0 6 94 16 10 0 6
Ojr1LH0hx2I 2016-07-06 29 1 1 0 0 60 9 7 0 2
Ojr1LH0hx2I 2016-07-07 10 0 0 0 0 103 15 6 1 8
Ojr1LH0hx2I 2016-07-08 16 2 1 1 0 77 5 2 0 3
Ojr1LH0hx2I 2016-07-09 20 1 1 0 0 79 9 6 1 2
Ojr1LH0hx2I 2016-07-10 21 1 1 0 0 119 19 7 1 11
Ojr1LH0hx2I 2016-07-11 11 2 0 1 1 96 17 7 0 10
Ojr1LH0hx2I 2016-07-12 5 2 0 1 1 81 9 4 0 5
Ojr1LH0hx2I 2016-07-13 7 0 0 0 0 99 16 11 1 4
Ojr1LH0hx2I 2016-07-14 32 3 3 0 0 75 8 6 0 2
Ojr1LH0hx2I 2016-07-15 18 3 3 0 0 76 9 5 1 3
Ojr1LH0hx2I 2016-07-16 21 2 1 0 1 59 10 6 0 4
Ojr1LH0hx2I 2016-07-17 29 1 1 0 0 87 15 6 1 8
Ojr1LH0hx2I 2016-07-18 6 0 0 0 0 67 8 6 0 2
Ojr1LH0hx2I 2016-07-19 20 3 2 0 1 68 15 7 3 5
Ojr1LH0hx2I 2016-07-20 8 0 0 0 0 138 23 13 0 10
Ojr1LH0hx2I 2016-07-21 11 1 1 0 0 115 25 7 0 18
Ojr1LH0hx2I 2016-07-22 17 2 0 0 2 126 15 8 1 6
Ojr1LH0hx2I 2016-07-23 49 6 4 0 2 114 18 11 2 5
Ojr1LH0hx2I 2016-07-24 14 3 3 0 0 105 9 8 0 1
Ojr1LH0hx2I 2016-07-25 10 1 0 0 1 115 15 2 3 10
Ojr1LH0hx2I 2016-07-26 9 0 0 0 0 133 24 12 1 11
Ojr1LH0hx2I 2016-07-27 24 5 2 0 3 110 13 5 1 7
Ojr1LH0hx2I 2016-07-28 21 4 3 0 1 119 22 7 1 14
Ojr1LH0hx2I 2016-07-29 31 1 0 0 1 114 22 14 0 8
Ojr1LH0hx2I 2016-07-30 37 0 0 0 0 120 15 6 1 8
Ojr1LH0hx2I 2016-07-31 26 5 2 0 3 97 19 11 1 7
Ojr1LH0hx2I 2016-08-01 27 3 1 1 1 87 11 6 1 4
