video date target_total target_isis target_happy target_sad target_angry total isis happy sad angry
Rr44rnYnmGA 2015-06-01 6 1 1 0 0 0 0 0 0 0
Rr44rnYnmGA 2015-06-02 1 0 0 0 0 6 0 0 0 0
Rr44rnYnmGA 2015-06-03 0 0 0 0 0 0 0 0 0 0
Rr44rnYnmGA 2015-06-04 0 0 0 0 0 0 0 0 0 0
Rr44rnYnmGA 2015-06-05 0 0 0 0 0 1 0 0 0 0
Rr44rnYnmGA 2015-06-06 0 0 0 0 0 1 0 0 0 0
Rr44rnYnmGA 2015-06-07 0 0 0 0 0 2 0 0 0 0
Rr44rnYnmGA 2015-06-08 0 0 0 0 0 3 0 0 0 0
Rr44rnYnmGA 2015-06-09 0 0 0 0 0 1 0 0 0 0
Rr44rnYnmGA 2015-06-10 0 0 0 0 0 3 0 0 0 0
Rr44rnYnmGA 2015-06-11 0 0 0 0 0 1 1 1 0 0
Rr44rnYnmGA 2015-06-12 1 0 0 0 0 3 0 0 0 0
Rr44rnYnmGA 2015-06-13 0 0 0 0 0 2 0 0 0 0
Rr44rnYnmGA 2015-06-14 0 0 0 0 0 1 0 0 0 0
Rr44rnYnmGA 2015-06-15 0 0 0 0 0 0 0 0 0 0
Rr44rnYnmGA 2015-06-16 0 0 0 0 0 1 0 0 0 0
Rr44rnYnmGA 2015-06-17 1 1 1 0 0 1 0 0 0 0
Rr44rnYnmGA 2015-06-18 1 1 0 0 1 2 1 1 0 0
Rr44rnYnmGA 2015-06-19 2 0 0 0 0 1 0 0 0 0
Rr44rnYnmGA 2015-06-20 0 0 0 0 0 2 0 0 0 0
Rr44rnYnmGA 2015-06-21 0 0 0 0 0 1 0 0 0 0
Rr44rnYnmGA 2015-06-22 0 0 0 0 0 0 0 0 0 0
Rr44rnYnmGA 2015-06-23 0 0 0 0 0 1 0 0 0 0
Rr44rnYnmGA 2015-06-24 0 0 0 0 0 0 0 0 0 0
Rr44rnYnmGA 2015-06-25 5 0 0 0 0 15 3 2 0 1
Rr44rnYnmGA 2015-06-26 0 0 0 0 0 2 1 1 0 0
Rr44rnYnmGA 2015-06-27 1 0 0 0 0 0 0 0 0 0
Rr44rnYnmGA 2015-06-28 0 0 0 0 0 0 0 0 0 0
Rr44rnYnmGA 2015-06-29 0 0 0 0 0 0 0 0 0 0
Rr44rnYnmGA 2015-06-30 2 0 0 0 0 3 0 0 0 0
Rr44rnYnmGA 2015-07-01 2 0 0 0 0 0 0 0 0 0
Rr44rnYnmGA 2015-07-02 0 0 0 0 0 1 0 0 0 0
Rr44rnYnmGA 2015-07-03 1 0 0 0 0 1 0 0 0 0
Rr44rnYnmGA 2015-07-04 1 0 0 0 0 3 0 0 0 0
Rr44rnYnmGA 2015-07-05 0 0 0 0 0 1 0 0 0 0
Rr44rnYnmGA 2015-07-06 1 0 0 0 0 1 0 0 0 0
Rr44rnYnmGA 2015-07-07 0 0 0 0 0 3 0 0 0 0
Rr44rnYnmGA 2015-07-08 0 0 0 0 0 3 0 0 0 0
Rr44rnYnmGA 2015-07-09 0 0 0 0 0 4 0 0 0 0
Rr44rnYnmGA 2015-07-10 1 0 0 0 0 0 0 0 0 0
Rr44rnYnmGA 2015-07-11 1 0 0 0 0 6 1 0 0 1
Rr44rnYnmGA 2015-07-12 0 0 0 0 0 2 0 0 0 0
Rr44rnYnmGA 2015-07-13 4 1 0 0 1 3 0 0 0 0
Rr44rnYnmGA 2015-07-14 0 0 0 0 0 7 0 0 0 0
Rr44rnYnmGA 2015-07-15 0 0 0 0 0 3 1 0 0 1
Rr44rnYnmGA 2015-07-16 0 0 0 0 0 4 0 0 0 0
Rr44rnYnmGA 2015-07-17 1 1 1 0 0 0 0 0 0 0
Rr44rnYnmGA 2015-07-18 2 0 0 0 0 4 0 0 0 0
Rr44rnYnmGA 2015-07-19 0 0 0 0 0 1 0 0 0 0
Rr44rnYnmGA 2015-07-20 0 0 0 0 0 0 0 0 0 0
Rr44rnYnmGA 2015-07-21 5 2 2 0 0 0 0 0 0 0
Rr44rnYnmGA 2015-07-22 0 0 0 0 0 1 0 0 0 0
Rr44rnYnmGA 2015-07-23 0 0 0 0 0 1 0 0 0 0
Rr44rnYnmGA 2015-07-24 0 0 0 0 0 0 0 0 0 0
Rr44rnYnmGA 2015-07-25 4 1 0 0 1 3 0 0 0 0
Rr44rnYnmGA 2015-07-26 0 0 0 0 0 0 0 0 0 0
Rr44rnYnmGA 2015-07-27 0 0 0 0 0 1 0 0 0 0
Rr44rnYnmGA 2015-07-28 0 0 0 0 0 0 0 0 0 0
Rr44rnYnmGA 2015-07-29 1 0 0 0 0 0 0 0 0 0
Rr44rnYnmGA 2015-07-30 0 0 0 0 0 1 0 0 0 0
Rr44rnYnmGA 2015-07-31 0 0 0 0 0 2 0 0 0 0
Rr44rnYnmGA 2015-08-01 3 0 0 0 0 7 0 0 0 0
Rr44rnYnmGA 2015-08-02 0 0 0 0 0 3 1 0 0 1
Rr44rnYnmGA 2015-08-03 0 0 0 0 0 0 0 0 0 0
Rr44rnYnmGA 2015-08-04 1 1 0 1 0 0 0 0 0 0
Rr44rnYnmGA 2015-08-05 3 0 0 0 0 1 0 0 0 0
Rr44rnYnmGA 2015-08-06 0 0 0 0 0 3 0 0 0 0
Rr44rnYnmGA 2015-08-07 0 0 0 0 0 4 0 0 0 0
Rr44rnYnmGA 2015-08-08 0 0 0 0 0 1 1 0 0 1
Rr44rnYnmGA 2015-08-09 0 0 0 0 0 11 2 2 0 0
Rr44rnYnmGA 2015-08-10 0 0 0 0 0 3 0 0 0 0
Rr44rnYnmGA 2015-08-11 0 0 0 0 0 10 0 0 0 0
Rr44rnYnmGA 2015-08-12 0 0 0 0 0 1 0 0 0 0
Rr44rnYnmGA 2015-08-13 3 0 0 0 0 3 1 0 0 1
Rr44rnYnmGA 2015-08-14 0 0 0 0 0 3 0 0 0 0
Rr44rnYnmGA 2015-08-15 0 0 0 0 0 1 0 0 0 0
Rr44rnYnmGA 2015-08-16 0 0 0 0 0 2 0 0 0 0
Rr44rnYnmGA 2015-08-17 1 0 0 0 0 3 0 0 0 0
Rr44rnYnmGA 2015-08-18 3 1 0 0 1 4 0 0 0 0
Rr44rnYnmGA 2015-08-19 0 0 0 0 0 3 0 0 0 0
Rr44rnYnmGA 2015-08-20 4 0 0 0 0 0 0 0 0 0
Rr44rnYnmGA 2015-08-21 1 0 0 0 0 2 1 0 1 0
Rr44rnYnmGA 2015-08-22 1 1 1 0 0 4 0 0 0 0
Rr44rnYnmGA 2015-08-23 0 0 0 0 0 1 0 0 0 0
Rr44rnYnmGA 2015-08-24 2 2 0 1 1 9 1 0 0 1
Rr44rnYnmGA 2015-08-25 0 0 0 0 0 3 0 0 0 0
Rr44rnYnmGA 2015-08-26 0 0 0 0 0 1 0 0 0 0
Rr44rnYnmGA 2015-08-27 0 0 0 0 0 4 0 0 0 0
Rr44rnYnmGA 2015-08-28 0 0 0 0 0 1 0 0 0 0
Rr44rnYnmGA 2015-08-29 0 0 0 0 0 4 2 1 0 1
Rr44rnYnmGA 2015-08-30 0 0 0 0 0 8 1 0 0 1
Rr44rnYnmGA 2015-08-31 1 0 0 0 0 0 0 0 0 0
Rr44rnYnmGA 2015-09-01 0 0 0 0 0 3 1 1 0 0
Rr44rnYnmGA 2015-09-02 0 0 0 0 0 6 0 0 0 0
Rr44rnYnmGA 2015-09-03 0 0 0 0 0 2 0 0 0 0
Rr44rnYnmGA 2015-09-04 0 0 0 0 0 3 0 0 0 0
Rr44rnYnmGA 2015-09-05 1 0 0 0 0 2 0 0 0 0
Rr44rnYnmGA 2015-09-06 4 0 0 0 0 6 0 0 0 0
Rr44rnYnmGA 2015-09-07 0 0 0 0 0 1 0 0 0 0
Rr44rnYnmGA 2015-09-08 0 0 0 0 0 3 1 0 0 1
Rr44rnYnmGA 2015-09-09 3 0 0 0 0 3 0 0 0 0
Rr44rnYnmGA 2015-09-10 1 0 0 0 0 1 0 0 0 0
Rr44rnYnmGA 2015-09-11 2 0 0 0 0 2 0 0 0 0
Rr44rnYnmGA 2015-09-12 0 0 0 0 0 2 0 0 0 0
Rr44rnYnmGA 2015-09-13 0 0 0 0 0 2 0 0 0 0
Rr44rnYnmGA 2015-09-14 0 0 0 0 0 1 1 1 0 0
Rr44rnYnmGA 2015-09-15 6 0 0 0 0 0 0 0 0 0
Rr44rnYnmGA 2015-09-16 2 0 0 0 0 3 1 0 0 1
Rr44rnYnmGA 2015-09-17 5 1 1 0 0 1 0 0 0 0
Rr44rnYnmGA 2015-09-18 4 0 0 0 0 1 0 0 0 0
Rr44rnYnmGA 2015-09-19 10 2 1 1 0 3 0 0 0 0
Rr44rnYnmGA 2015-09-20 4 3 1 1 1 4 0 0 0 0
Rr44rnYnmGA 2015-09-21 1 1 1 0 0 2 0 0 0 0
Rr44rnYnmGA 2015-09-22 0 0 0 0 0 0 0 0 0 0
Rr44rnYnmGA 2015-09-23 0 0 0 0 0 0 0 0 0 0
Rr44rnYnmGA 2015-09-24 0 0 0 0 0 3 0 0 0 0
Rr44rnYnmGA 2015-09-25 3 1 0 0 1 1 0 0 0 0
Rr44rnYnmGA 2015-09-26 3 1 0 0 1 1 0 0 0 0
Rr44rnYnmGA 2015-09-27 0 0 0 0 0 2 0 0 0 0
Rr44rnYnmGA 2015-09-28 2 0 0 0 0 3 1 1 0 0
Rr44rnYnmGA 2015-09-29 1 0 0 0 0 5 1 1 0 0
Rr44rnYnmGA 2015-09-30 0 0 0 0 0 5 1 1 0 0
Rr44rnYnmGA 2015-10-01 0 0 0 0 0 4 0 0 0 0
Rr44rnYnmGA 2015-10-02 0 0 0 0 0 6 0 0 0 0
Rr44rnYnmGA 2015-10-03 1 1 1 0 0 3 0 0 0 0
Rr44rnYnmGA 2015-10-04 0 0 0 0 0 1 0 0 0 0
Rr44rnYnmGA 2015-10-05 10 0 0 0 0 4 0 0 0 0
Rr44rnYnmGA 2015-10-06 3 0 0 0 0 0 0 0 0 0
Rr44rnYnmGA 2015-10-07 1 0 0 0 0 1 0 0 0 0
Rr44rnYnmGA 2015-10-08 0 0 0 0 0 2 0 0 0 0
Rr44rnYnmGA 2015-10-09 0 0 0 0 0 3 0 0 0 0
Rr44rnYnmGA 2015-10-10 2 0 0 0 0 1 0 0 0 0
Rr44rnYnmGA 2015-10-11 0 0 0 0 0 0 0 0 0 0
Rr44rnYnmGA 2015-10-12 1 0 0 0 0 3 0 0 0 0
Rr44rnYnmGA 2015-10-13 1 0 0 0 0 2 0 0 0 0
Rr44rnYnmGA 2015-10-14 3 0 0 0 0 1 1 0 0 1
Rr44rnYnmGA 2015-10-15 1 1 1 0 0 1 0 0 0 0
Rr44rnYnmGA 2015-10-16 1 0 0 0 0 1 1 0 0 1
Rr44rnYnmGA 2015-10-17 5 0 0 0 0 5 1 0 1 0
Rr44rnYnmGA 2015-10-18 1 0 0 0 0 1 1 0 0 1
Rr44rnYnmGA 2015-10-19 1 1 0 0 1 10 2 2 0 0
Rr44rnYnmGA 2015-10-20 1 0 0 0 0 7 0 0 0 0
Rr44rnYnmGA 2015-10-21 1 0 0 0 0 7 6 6 0 0
Rr44rnYnmGA 2015-10-22 0 0 0 0 0 5 2 2 0 0
Rr44rnYnmGA 2015-10-23 0 0 0 0 0 3 0 0 0 0
Rr44rnYnmGA 2015-10-24 2 0 0 0 0 2 0 0 0 0
Rr44rnYnmGA 2015-10-25 0 0 0 0 0 6 0 0 0 0
Rr44rnYnmGA 2015-10-26 0 0 0 0 0 3 0 0 0 0
Rr44rnYnmGA 2015-10-27 0 0 0 0 0 6 0 0 0 0
Rr44rnYnmGA 2015-10-28 0 0 0 0 0 11 0 0 0 0
Rr44rnYnmGA 2015-10-29 2 0 0 0 0 14 3 0 0 3
Rr44rnYnmGA 2015-10-30 0 0 0 0 0 5 3 2 0 1
Rr44rnYnmGA 2015-10-31 0 0 0 0 0 0 0 0 0 0
Rr44rnYnmGA 2015-11-01 1 0 0 0 0 4 0 0 0 0
Rr44rnYnmGA 2015-11-02 8 1 0 1 0 2 1 0 0 1
Rr44rnYnmGA 2015-11-03 3 0 0 0 0 6 1 0 0 1
Rr44rnYnmGA 2015-11-04 3 0 0 0 0 5 1 0 0 1
Rr44rnYnmGA 2015-11-05 6 1 1 0 0 2 0 0 0 0
Rr44rnYnmGA 2015-11-06 3 0 0 0 0 3 2 2 0 0
Rr44rnYnmGA 2015-11-07 0 0 0 0 0 4 0 0 0 0
Rr44rnYnmGA 2015-11-08 2 0 0 0 0 9 1 1 0 0
Rr44rnYnmGA 2015-11-09 3 0 0 0 0 3 1 1 0 0
Rr44rnYnmGA 2015-11-10 2 0 0 0 0 1 0 0 0 0
Rr44rnYnmGA 2015-11-11 3 1 1 0 0 5 2 1 0 1
Rr44rnYnmGA 2015-11-12 2 0 0 0 0 13 5 5 0 0
Rr44rnYnmGA 2015-11-13 4 2 1 0 1 19 5 5 0 0
Rr44rnYnmGA 2015-11-14 12 1 0 0 1 10 1 1 0 0
Rr44rnYnmGA 2015-11-15 5 1 0 0 1 7 0 0 0 0
Rr44rnYnmGA 2015-11-16 4 1 1 0 0 6 0 0 0 0
Rr44rnYnmGA 2015-11-17 5 0 0 0 0 2 2 1 0 1
Rr44rnYnmGA 2015-11-18 4 3 2 0 1 6 2 2 0 0
Rr44rnYnmGA 2015-11-19 3 0 0 0 0 4 1 0 0 1
Rr44rnYnmGA 2015-11-20 2 1 1 0 0 8 1 1 0 0
Rr44rnYnmGA 2015-11-21 7 0 0 0 0 3 0 0 0 0
Rr44rnYnmGA 2015-11-22 2 1 0 0 1 1 0 0 0 0
Rr44rnYnmGA 2015-11-23 5 0 0 0 0 9 1 1 0 0
Rr44rnYnmGA 2015-11-24 6 0 0 0 0 1 0 0 0 0
Rr44rnYnmGA 2015-11-25 5 1 1 0 0 15 3 1 0 2
Rr44rnYnmGA 2015-11-26 5 2 1 0 1 7 0 0 0 0
Rr44rnYnmGA 2015-11-27 4 0 0 0 0 0 0 0 0 0
Rr44rnYnmGA 2015-11-28 4 1 1 0 0 18 2 1 0 1
Rr44rnYnmGA 2015-11-29 10 2 1 0 1 14 1 1 0 0
Rr44rnYnmGA 2015-11-30 4 2 1 0 1 1 1 0 0 1
Rr44rnYnmGA 2015-12-01 6 1 0 0 1 5 0 0 0 0
Rr44rnYnmGA 2015-12-02 5 0 0 0 0 5 1 1 0 0
Rr44rnYnmGA 2015-12-03 3 0 0 0 0 14 2 1 0 1
Rr44rnYnmGA 2015-12-04 9 2 2 0 0 6 0 0 0 0
Rr44rnYnmGA 2015-12-05 4 2 2 0 0 7 2 2 0 0
Rr44rnYnmGA 2015-12-06 3 0 0 0 0 5 0 0 0 0
Rr44rnYnmGA 2015-12-07 11 1 1 0 0 10 1 1 0 0
Rr44rnYnmGA 2015-12-08 4 1 1 0 0 3 1 0 0 1
Rr44rnYnmGA 2015-12-09 3 0 0 0 0 3 1 0 0 1
Rr44rnYnmGA 2015-12-10 0 0 0 0 0 5 2 0 1 1
Rr44rnYnmGA 2015-12-11 4 0 0 0 0 11 2 0 0 2
Rr44rnYnmGA 2015-12-12 3 1 1 0 0 3 0 0 0 0
Rr44rnYnmGA 2015-12-13 4 1 0 0 1 6 0 0 0 0
Rr44rnYnmGA 2015-12-14 8 1 1 0 0 6 1 0 0 1
Rr44rnYnmGA 2015-12-15 5 0 0 0 0 1 0 0 0 0
Rr44rnYnmGA 2015-12-16 7 0 0 0 0 4 2 2 0 0
Rr44rnYnmGA 2015-12-17 3 0 0 0 0 5 1 1 0 0
Rr44rnYnmGA 2015-12-18 8 0 0 0 0 8 0 0 0 0
Rr44rnYnmGA 2015-12-19 4 1 1 0 0 7 1 0 0 1
Rr44rnYnmGA 2015-12-20 3 1 1 0 0 3 1 0 0 1
Rr44rnYnmGA 2015-12-21 7 3 3 0 0 8 4 3 0 1
Rr44rnYnmGA 2015-12-22 3 1 1 0 0 2 0 0 0 0
Rr44rnYnmGA 2015-12-23 4 1 0 0 1 6 2 0 1 1
Rr44rnYnmGA 2015-12-24 8 0 0 0 0 2 0 0 0 0
Rr44rnYnmGA 2015-12-25 4 1 1 0 0 10 0 0 0 0
Rr44rnYnmGA 2015-12-26 1 0 0 0 0 13 1 1 0 0
Rr44rnYnmGA 2015-12-27 2 1 0 1 0 5 1 0 0 1
Rr44rnYnmGA 2015-12-28 4 1 0 1 0 2 0 0 0 0
Rr44rnYnmGA 2015-12-29 4 1 1 0 0 9 0 0 0 0
Rr44rnYnmGA 2015-12-30 6 1 1 0 0 8 1 0 0 1
Rr44rnYnmGA 2015-12-31 6 1 1 0 0 8 2 2 0 0
Rr44rnYnmGA 2016-01-01 3 0 0 0 0 5 0 0 0 0
Rr44rnYnmGA 2016-01-02 5 0 0 0 0 8 2 1 0 1
Rr44rnYnmGA 2016-01-03 2 1 0 0 1 3 0 0 0 0
Rr44rnYnmGA 2016-01-04 10 0 0 0 0 4 0 0 0 0
Rr44rnYnmGA 2016-01-05 1 0 0 0 0 16 2 0 0 2
Rr44rnYnmGA 2016-01-06 7 0 0 0 0 10 3 2 0 1
Rr44rnYnmGA 2016-01-07 7 1 1 0 0 5 2 2 0 0
Rr44rnYnmGA 2016-01-08 2 0 0 0 0 9 1 0 1 0
Rr44rnYnmGA 2016-01-09 6 2 1 0 1 11 0 0 0 0
Rr44rnYnmGA 2016-01-10 3 0 0 0 0 2 0 0 0 0
Rr44rnYnmGA 2016-01-11 3 0 0 0 0 5 0 0 0 0
Rr44rnYnmGA 2016-01-12 2 1 0 0 1 4 1 1 0 0
Rr44rnYnmGA 2016-01-13 9 2 0 0 2 10 0 0 0 0
Rr44rnYnmGA 2016-01-14 8 2 0 0 2 15 8 8 0 0
Rr44rnYnmGA 2016-01-15 12 2 1 0 1 7 2 1 1 0
Rr44rnYnmGA 2016-01-16 10 0 0 0 0 3 0 0 0 0
Rr44rnYnmGA 2016-01-17 5 0 0 0 0 14 2 1 0 1
Rr44rnYnmGA 2016-01-18 13 1 1 0 0 8 1 0 0 1
Rr44rnYnmGA 2016-01-19 11 0 0 0 0 13 4 2 1 1
Rr44rnYnmGA 2016-01-20 9 3 2 0 1 4 1 1 0 0
Rr44rnYnmGA 2016-01-21 5 0 0 0 0 3 0 0 0 0
Rr44rnYnmGA 2016-01-22 9 0 0 0 0 8 0 0 0 0
Rr44rnYnmGA 2016-01-23 8 2 2 0 0 9 0 0 0 0
Rr44rnYnmGA 2016-01-24 6 1 1 0 0 8 0 0 0 0
Rr44rnYnmGA 2016-01-25 3 0 0 0 0 14 3 3 0 0
Rr44rnYnmGA 2016-01-26 6 2 1 1 0 13 1 0 1 0
Rr44rnYnmGA 2016-01-27 14 4 1 0 3 4 0 0 0 0
Rr44rnYnmGA 2016-01-28 2 0 0 0 0 7 2 1 0 1
Rr44rnYnmGA 2016-01-29 5 0 0 0 0 14 7 7 0 0
Rr44rnYnmGA 2016-01-30 18 4 3 0 1 7 2 1 0 1
Rr44rnYnmGA 2016-01-31 12 2 0 0 2 7 0 0 0 0
Rr44rnYnmGA 2016-02-01 10 3 3 0 0 7 0 0 0 0
Rr44rnYnmGA 2016-02-02 3 0 0 0 0 8 2 2 0 0
Rr44rnYnmGA 2016-02-03 3 0 0 0 0 5 0 0 0 0
Rr44rnYnmGA 2016-02-04 5 0 0 0 0 6 2 2 0 0
Rr44rnYnmGA 2016-02-05 8 2 1 0 1 3 0 0 0 0
Rr44rnYnmGA 2016-02-06 6 0 0 0 0 20 2 1 0 1
Rr44rnYnmGA 2016-02-07 9 2 2 0 0 16 3 2 0 1
Rr44rnYnmGA 2016-02-08 8 0 0 0 0 8 1 0 0 1
Rr44rnYnmGA 2016-02-09 17 0 0 0 0 7 0 0 0 0
Rr44rnYnmGA 2016-02-10 11 1 1 0 0 5 0 0 0 0
Rr44rnYnmGA 2016-02-11 4 1 0 0 1 6 2 1 0 1
Rr44rnYnmGA 2016-02-12 19 1 0 0 1 10 4 4 0 0
Rr44rnYnmGA 2016-02-13 10 2 2 0 0 3 0 0 0 0
Rr44rnYnmGA 2016-02-14 12 0 0 0 0 5 3 3 0 0
Rr44rnYnmGA 2016-02-15 15 1 1 0 0 3 1 1 0 0
Rr44rnYnmGA 2016-02-16 3 0 0 0 0 6 1 1 0 0
Rr44rnYnmGA 2016-02-17 9 0 0 0 0 9 0 0 0 0
Rr44rnYnmGA 2016-02-18 24 2 2 0 0 5 0 0 0 0
Rr44rnYnmGA 2016-02-19 32 0 0 0 0 12 2 2 0 0
Rr44rnYnmGA 2016-02-20 18 1 1 0 0 6 2 2 0 0
Rr44rnYnmGA 2016-02-21 12 0 0 0 0 12 1 0 0 1
Rr44rnYnmGA 2016-02-22 15 3 0 0 3 5 1 1 0 0
Rr44rnYnmGA 2016-02-23 8 0 0 0 0 8 0 0 0 0
Rr44rnYnmGA 2016-02-24 22 2 2 0 0 8 1 1 0 0
Rr44rnYnmGA 2016-02-25 12 1 1 0 0 6 0 0 0 0
Rr44rnYnmGA 2016-02-26 14 1 1 0 0 7 1 0 0 1
Rr44rnYnmGA 2016-02-27 12 0 0 0 0 7 1 0 0 1
Rr44rnYnmGA 2016-02-28 5 0 0 0 0 20 1 1 0 0
Rr44rnYnmGA 2016-02-29 8 0 0 0 0 7 1 1 0 0
Rr44rnYnmGA 2016-03-01 4 0 0 0 0 9 1 0 0 1
Rr44rnYnmGA 2016-03-02 6 1 0 0 1 7 1 1 0 0
Rr44rnYnmGA 2016-03-03 8 0 0 0 0 11 0 0 0 0
Rr44rnYnmGA 2016-03-04 8 3 2 0 1 5 0 0 0 0
Rr44rnYnmGA 2016-03-05 6 0 0 0 0 3 2 2 0 0
Rr44rnYnmGA 2016-03-06 13 2 1 0 1 7 2 2 0 0
Rr44rnYnmGA 2016-03-07 8 0 0 0 0 6 1 1 0 0
Rr44rnYnmGA 2016-03-08 3 1 1 0 0 14 4 3 0 1
Rr44rnYnmGA 2016-03-09 6 1 1 0 0 4 0 0 0 0
Rr44rnYnmGA 2016-03-10 6 0 0 0 0 9 0 0 0 0
Rr44rnYnmGA 2016-03-11 2 0 0 0 0 7 1 1 0 0
Rr44rnYnmGA 2016-03-12 6 1 0 0 1 9 0 0 0 0
Rr44rnYnmGA 2016-03-13 10 0 0 0 0 5 0 0 0 0
Rr44rnYnmGA 2016-03-14 12 2 0 0 2 17 1 0 0 1
Rr44rnYnmGA 2016-03-15 10 1 1 0 0 9 1 0 0 1
Rr44rnYnmGA 2016-03-16 14 2 0 0 2 8 2 1 0 1
Rr44rnYnmGA 2016-03-17 6 0 0 0 0 6 1 1 0 0
Rr44rnYnmGA 2016-03-18 14 1 1 0 0 6 1 0 0 1
Rr44rnYnmGA 2016-03-19 6 1 1 0 0 9 1 1 0 0
Rr44rnYnmGA 2016-03-20 5 0 0 0 0 7 1 1 0 0
Rr44rnYnmGA 2016-03-21 5 0 0 0 0 14 2 2 0 0
Rr44rnYnmGA 2016-03-22 29 2 0 0 2 4 0 0 0 0
Rr44rnYnmGA 2016-03-23 15 1 1 0 0 5 1 0 0 1
Rr44rnYnmGA 2016-03-24 27 2 0 0 2 7 1 1 0 0
Rr44rnYnmGA 2016-03-25 13 1 1 0 0 16 1 0 0 1
Rr44rnYnmGA 2016-03-26 6 0 0 0 0 11 1 0 0 1
Rr44rnYnmGA 2016-03-27 18 1 1 0 0 18 0 0 0 0
Rr44rnYnmGA 2016-03-28 4 0 0 0 0 6 3 1 0 2
Rr44rnYnmGA 2016-03-29 8 0 0 0 0 28 6 1 0 5
Rr44rnYnmGA 2016-03-30 5 0 0 0 0 5 0 0 0 0
Rr44rnYnmGA 2016-03-31 12 6 2 0 4 23 2 0 0 2
Rr44rnYnmGA 2016-04-01 11 2 1 0 1 24 2 2 0 0
Rr44rnYnmGA 2016-04-02 6 0 0 0 0 7 1 0 0 1
Rr44rnYnmGA 2016-04-03 17 0 0 0 0 32 1 1 0 0
Rr44rnYnmGA 2016-04-04 5 0 0 0 0 32 1 0 1 0
Rr44rnYnmGA 2016-04-05 14 2 1 0 1 18 1 1 0 0
Rr44rnYnmGA 2016-04-06 7 1 1 0 0 15 5 3 0 2
Rr44rnYnmGA 2016-04-07 4 0 0 0 0 20 1 0 0 1
Rr44rnYnmGA 2016-04-08 4 2 2 0 0 12 0 0 0 0
Rr44rnYnmGA 2016-04-09 5 0 0 0 0 17 1 0 0 1
Rr44rnYnmGA 2016-04-10 7 1 1 0 0 17 2 0 0 2
Rr44rnYnmGA 2016-04-11 15 0 0 0 0 24 3 1 0 2
Rr44rnYnmGA 2016-04-12 12 2 0 0 2 8 0 0 0 0
Rr44rnYnmGA 2016-04-13 10 1 1 0 0 15 3 2 0 1
Rr44rnYnmGA 2016-04-14 12 0 0 0 0 23 2 0 0 2
Rr44rnYnmGA 2016-04-15 5 1 1 0 0 10 2 0 0 2
Rr44rnYnmGA 2016-04-16 14 2 1 0 1 27 2 0 1 1
Rr44rnYnmGA 2016-04-17 7 1 1 0 0 12 1 0 0 1
Rr44rnYnmGA 2016-04-18 5 0 0 0 0 13 3 1 0 2
Rr44rnYnmGA 2016-04-19 5 1 0 0 1 13 3 1 0 2
Rr44rnYnmGA 2016-04-20 10 0 0 0 0 10 1 0 0 1
Rr44rnYnmGA 2016-04-21 2 0 0 0 0 9 3 1 0 2
Rr44rnYnmGA 2016-04-22 5 1 0 0 1 11 0 0 0 0
Rr44rnYnmGA 2016-04-23 14 3 1 0 2 12 0 0 0 0
Rr44rnYnmGA 2016-04-24 5 1 0 0 1 7 1 0 0 1
Rr44rnYnmGA 2016-04-25 12 0 0 0 0 20 4 2 1 1
Rr44rnYnmGA 2016-04-26 9 2 1 0 1 10 0 0 0 0
Rr44rnYnmGA 2016-04-27 23 1 0 0 1 12 4 1 0 3
Rr44rnYnmGA 2016-04-28 7 0 0 0 0 39 5 4 0 1
Rr44rnYnmGA 2016-04-29 5 0 0 0 0 35 4 3 0 1
Rr44rnYnmGA 2016-04-30 6 0 0 0 0 34 7 7 0 0
Rr44rnYnmGA 2016-05-01 9 0 0 0 0 30 6 4 0 2
Rr44rnYnmGA 2016-05-02 14 0 0 0 0 34 4 3 0 1
Rr44rnYnmGA 2016-05-03 8 1 1 0 0 24 6 3 0 3
Rr44rnYnmGA 2016-05-04 4 0 0 0 0 20 4 2 1 1
Rr44rnYnmGA 2016-05-05 15 1 1 0 0 36 3 1 0 2
Rr44rnYnmGA 2016-05-06 20 4 2 0 2 39 4 3 0 1
Rr44rnYnmGA 2016-05-07 17 4 3 0 1 24 5 2 1 2
Rr44rnYnmGA 2016-05-08 4 0 0 0 0 24 3 3 0 0
Rr44rnYnmGA 2016-05-09 11 0 0 0 0 30 3 2 0 1
Rr44rnYnmGA 2016-05-10 3 0 0 0 0 19 5 4 0 1
Rr44rnYnmGA 2016-05-11 5 0 0 0 0 34 7 5 0 2
Rr44rnYnmGA 2016-05-12 7 1 1 0 0 15 3 2 0 1
Rr44rnYnmGA 2016-05-13 5 0 0 0 0 14 5 4 0 1
Rr44rnYnmGA 2016-05-14 8 0 0 0 0 15 2 1 0 1
Rr44rnYnmGA 2016-05-15 4 1 1 0 0 18 0 0 0 0
Rr44rnYnmGA 2016-05-16 4 1 1 0 0 16 1 0 0 1
Rr44rnYnmGA 2016-05-17 6 1 0 0 1 14 2 0 0 2
Rr44rnYnmGA 2016-05-18 9 2 2 0 0 20 0 0 0 0
Rr44rnYnmGA 2016-05-19 11 1 0 0 1 15 1 0 0 1
Rr44rnYnmGA 2016-05-20 13 0 0 0 0 29 0 0 0 0
Rr44rnYnmGA 2016-05-21 15 1 0 0 1 29 1 1 0 0
Rr44rnYnmGA 2016-05-22 6 1 0 0 1 56 5 2 0 3
Rr44rnYnmGA 2016-05-23 15 0 0 0 0 31 7 3 0 4
Rr44rnYnmGA 2016-05-24 10 2 1 1 0 16 5 3 0 2
Rr44rnYnmGA 2016-05-25 6 2 2 0 0 12 3 3 0 0
Rr44rnYnmGA 2016-05-26 4 0 0 0 0 9 0 0 0 0
Rr44rnYnmGA 2016-05-27 15 2 1 0 1 24 2 0 0 2
Rr44rnYnmGA 2016-05-28 7 1 0 0 1 21 1 1 0 0
Rr44rnYnmGA 2016-05-29 9 2 1 0 1 23 7 6 1 0
Rr44rnYnmGA 2016-05-30 34 3 2 0 1 15 2 2 0 0
Rr44rnYnmGA 2016-05-31 7 1 0 0 1 11 4 1 1 2
Rr44rnYnmGA 2016-06-01 13 2 0 0 2 18 0 0 0 0
Rr44rnYnmGA 2016-06-02 8 2 0 0 2 10 2 1 0 1
Rr44rnYnmGA 2016-06-03 24 4 3 0 1 34 5 2 0 3
Rr44rnYnmGA 2016-06-04 12 1 1 0 0 29 2 1 0 1
Rr44rnYnmGA 2016-06-05 5 2 1 0 1 27 3 0 0 3
Rr44rnYnmGA 2016-06-06 19 1 0 0 1 21 2 2 0 0
Rr44rnYnmGA 2016-06-07 8 3 2 1 0 31 4 1 0 3
Rr44rnYnmGA 2016-06-08 4 1 1 0 0 18 3 2 0 1
Rr44rnYnmGA 2016-06-09 9 1 1 0 0 17 0 0 0 0
Rr44rnYnmGA 2016-06-10 10 3 2 0 1 33 6 4 0 2
Rr44rnYnmGA 2016-06-11 9 0 0 0 0 31 6 2 0 4
Rr44rnYnmGA 2016-06-12 8 2 2 0 0 30 3 1 1 1
Rr44rnYnmGA 2016-06-13 5 1 0 0 1 32 3 1 0 2
Rr44rnYnmGA 2016-06-14 10 0 0 0 0 30 4 3 0 1
Rr44rnYnmGA 2016-06-15 12 1 1 0 0 19 2 2 0 0
Rr44rnYnmGA 2016-06-16 9 1 1 0 0 11 2 1 0 1
Rr44rnYnmGA 2016-06-17 12 2 1 1 0 25 3 2 0 1
Rr44rnYnmGA 2016-06-18 6 0 0 0 0 34 6 4 1 1
Rr44rnYnmGA 2016-06-19 11 1 0 0 1 25 1 1 0 0
Rr44rnYnmGA 2016-06-20 10 1 0 0 1 22 1 0 0 1
Rr44rnYnmGA 2016-06-21 9 2 2 0 0 22 3 2 0 1
Rr44rnYnmGA 2016-06-22 10 2 2 0 0 12 5 3 0 2
Rr44rnYnmGA 2016-06-23 11 2 1 0 1 13 4 2 0 2
Rr44rnYnmGA 2016-06-24 6 0 0 0 0 20 3 2 0 1
Rr44rnYnmGA 2016-06-25 15 6 2 0 4 18 5 3 2 0
Rr44rnYnmGA 2016-06-26 17 1 0 0 1 13 1 0 1 0
Rr44rnYnmGA 2016-06-27 8 1 0 0 1 17 4 3 0 1
Rr44rnYnmGA 2016-06-28 8 2 2 0 0 9 3 2 0 1
Rr44rnYnmGA 2016-06-29 10 1 0 1 0 12 1 0 1 0
Rr44rnYnmGA 2016-06-30 5 0 0 0 0 14 8 7 0 1
Rr44rnYnmGA 2016-07-01 17 1 0 0 1 13 0 0 0 0
Rr44rnYnmGA 2016-07-02 13 0 0 0 0 15 1 0 0 1
Rr44rnYnmGA 2016-07-03 6 0 0 0 0 7 2 1 0 1
Rr44rnYnmGA 2016-07-04 21 1 0 0 1 15 2 2 0 0
Rr44rnYnmGA 2016-07-05 9 0 0 0 0 14 2 0 0 2
Rr44rnYnmGA 2016-07-06 2 1 1 0 0 13 3 1 1 1
Rr44rnYnmGA 2016-07-07 20 5 2 0 3 9 2 1 0 1
Rr44rnYnmGA 2016-07-08 9 0 0 0 0 14 1 1 0 0
Rr44rnYnmGA 2016-07-09 6 2 1 0 1 12 2 2 0 0
Rr44rnYnmGA 2016-07-10 6 1 1 0 0 14 2 0 2 0
Rr44rnYnmGA 2016-07-11 6 0 0 0 0 14 2 0 0 2
Rr44rnYnmGA 2016-07-12 9 4 3 0 1 7 0 0 0 0
Rr44rnYnmGA 2016-07-13 1 0 0 0 0 8 1 1 0 0
Rr44rnYnmGA 2016-07-14 6 0 0 0 0 6 1 0 1 0
Rr44rnYnmGA 2016-07-15 8 1 1 0 0 16 1 1 0 0
Rr44rnYnmGA 2016-07-16 6 0 0 0 0 16 1 0 0 1
Rr44rnYnmGA 2016-07-17 5 2 1 1 0 22 1 0 0 1
Rr44rnYnmGA 2016-07-18 7 0 0 0 0 33 6 5 0 1
Rr44rnYnmGA 2016-07-19 7 0 0 0 0 24 1 1 0 0
Rr44rnYnmGA 2016-07-20 3 2 1 0 1 18 3 2 0 1
Rr44rnYnmGA 2016-07-21 5 0 0 0 0 18 2 2 0 0
Rr44rnYnmGA 2016-07-22 3 0 0 0 0 18 4 0 0 4
Rr44rnYnmGA 2016-07-23 2 0 0 0 0 16 4 3 0 1
Rr44rnYnmGA 2016-07-24 4 0 0 0 0 21 2 2 0 0
Rr44rnYnmGA 2016-07-25 6 0 0 0 0 25 2 1 0 1
Rr44rnYnmGA 2016-07-26 15 1 0 1 0 39 3 1 0 2
Rr44rnYnmGA 2016-07-27 6 0 0 0 0 29 1 1 0 0
Rr44rnYnmGA 2016-07-28 7 1 0 1 0 30 3 1 0 2
Rr44rnYnmGA 2016-07-29 11 2 2 0 0 27 1 1 0 0
Rr44rnYnmGA 2016-07-30 7 0 0 0 0 17 0 0 0 0
Rr44rnYnmGA 2016-07-31 5 0 0 0 0 39 6 5 0 1
Rr44rnYnmGA 2016-08-01 6 1 0 0 1 4 0 0 0 0
