video date target_total target_isis target_happy target_sad target_angry total isis happy sad angry
rYedKXpb5mo 2015-06-01 3 1 1 0 0 25 5 1 2 2
rYedKXpb5mo 2015-06-02 5 3 2 0 1 14 4 1 0 3
rYedKXpb5mo 2015-06-03 3 2 2 0 0 21 4 2 0 2
rYedKXpb5mo 2015-06-04 2 1 0 0 1 12 7 5 1 1
rYedKXpb5mo 2015-06-05 6 2 2 0 0 10 4 4 0 0
rYedKXpb5mo 2015-06-06 5 1 0 0 1 15 2 1 1 0
rYedKXpb5mo 2015-06-07 8 3 2 1 0 10 5 4 0 1
rYedKXpb5mo 2015-06-08 4 2 1 0 1 20 12 9 2 1
rYedKXpb5mo 2015-06-09 2 0 0 0 0 25 10 7 1 2
rYedKXpb5mo 2015-06-10 0 0 0 0 0 15 8 3 1 4
rYedKXpb5mo 2015-06-11 2 0 0 0 0 18 7 4 0 3
rYedKXpb5mo 2015-06-12 2 0 0 0 0 20 8 5 1 2
rYedKXpb5mo 2015-06-13 2 0 0 0 0 34 13 5 5 3
rYedKXpb5mo 2015-06-14 2 0 0 0 0 20 5 1 0 4
rYedKXpb5mo 2015-06-15 4 2 1 0 1 16 5 2 1 2
rYedKXpb5mo 2015-06-16 2 0 0 0 0 24 11 7 3 1
rYedKXpb5mo 2015-06-17 1 0 0 0 0 15 7 3 2 2
rYedKXpb5mo 2015-06-18 5 1 1 0 0 23 6 5 0 1
rYedKXpb5mo 2015-06-19 9 3 2 1 0 16 5 4 0 1
rYedKXpb5mo 2015-06-20 3 1 1 0 0 42 15 9 6 0
rYedKXpb5mo 2015-06-21 9 6 4 0 2 17 3 2 0 1
rYedKXpb5mo 2015-06-22 3 2 2 0 0 25 10 7 1 2
rYedKXpb5mo 2015-06-23 2 2 1 0 1 18 6 4 0 2
rYedKXpb5mo 2015-06-24 7 3 2 0 1 17 7 4 1 2
rYedKXpb5mo 2015-06-25 2 1 0 0 1 15 4 3 0 1
rYedKXpb5mo 2015-06-26 2 1 1 0 0 16 6 4 0 2
rYedKXpb5mo 2015-06-27 6 3 2 0 1 18 9 7 1 1
rYedKXpb5mo 2015-06-28 8 2 1 0 1 31 15 8 1 6
rYedKXpb5mo 2015-06-29 1 1 0 1 0 15 6 4 1 1
rYedKXpb5mo 2015-06-30 5 1 0 0 1 20 9 7 1 1
rYedKXpb5mo 2015-07-01 3 0 0 0 0 26 15 10 0 5
rYedKXpb5mo 2015-07-02 10 3 3 0 0 29 11 7 1 3
rYedKXpb5mo 2015-07-03 13 2 1 0 1 23 9 6 1 2
rYedKXpb5mo 2015-07-04 9 5 0 1 4 25 3 3 0 0
rYedKXpb5mo 2015-07-05 4 1 0 0 1 22 9 4 1 4
rYedKXpb5mo 2015-07-06 3 0 0 0 0 26 10 8 1 1
rYedKXpb5mo 2015-07-07 3 0 0 0 0 34 10 8 0 2
rYedKXpb5mo 2015-07-08 1 0 0 0 0 28 8 5 3 0
rYedKXpb5mo 2015-07-09 1 1 0 0 1 21 7 4 0 3
rYedKXpb5mo 2015-07-10 9 1 0 0 1 28 6 5 1 0
rYedKXpb5mo 2015-07-11 4 1 1 0 0 34 10 9 0 1
rYedKXpb5mo 2015-07-12 8 4 2 1 1 18 10 3 5 2
rYedKXpb5mo 2015-07-13 6 2 1 0 1 13 4 3 0 1
rYedKXpb5mo 2015-07-14 2 2 2 0 0 34 16 8 2 6
rYedKXpb5mo 2015-07-15 8 3 2 0 1 31 12 9 1 2
rYedKXpb5mo 2015-07-16 4 1 1 0 0 20 8 3 1 4
rYedKXpb5mo 2015-07-17 9 2 1 1 0 23 8 7 0 1
rYedKXpb5mo 2015-07-18 9 0 0 0 0 24 11 8 0 3
rYedKXpb5mo 2015-07-19 2 1 1 0 0 28 9 5 0 4
rYedKXpb5mo 2015-07-20 3 0 0 0 0 20 9 6 1 2
rYedKXpb5mo 2015-07-21 4 1 1 0 0 21 13 12 0 1
rYedKXpb5mo 2015-07-22 10 2 1 1 0 18 10 7 2 1
rYedKXpb5mo 2015-07-23 2 1 0 0 1 26 13 8 2 3
rYedKXpb5mo 2015-07-24 6 4 4 0 0 18 6 6 0 0
rYedKXpb5mo 2015-07-25 2 1 1 0 0 16 5 2 1 2
rYedKXpb5mo 2015-07-26 11 7 3 2 2 31 14 10 0 4
rYedKXpb5mo 2015-07-27 5 1 0 1 0 29 8 4 1 3
rYedKXpb5mo 2015-07-28 1 0 0 0 0 23 8 7 1 0
rYedKXpb5mo 2015-07-29 2 1 1 0 0 22 7 4 2 1
rYedKXpb5mo 2015-07-30 7 1 1 0 0 24 8 5 0 3
rYedKXpb5mo 2015-07-31 4 0 0 0 0 28 11 9 1 1
rYedKXpb5mo 2015-08-01 8 2 2 0 0 26 12 9 1 2
rYedKXpb5mo 2015-08-02 10 5 0 1 4 21 6 4 1 1
rYedKXpb5mo 2015-08-03 8 4 1 0 3 36 11 8 1 2
rYedKXpb5mo 2015-08-04 4 0 0 0 0 36 17 12 1 4
rYedKXpb5mo 2015-08-05 4 3 2 0 1 36 14 12 1 1
rYedKXpb5mo 2015-08-06 14 1 0 0 1 53 27 18 1 8
rYedKXpb5mo 2015-08-07 4 0 0 0 0 29 8 6 1 1
rYedKXpb5mo 2015-08-08 6 3 2 0 1 34 9 6 2 1
rYedKXpb5mo 2015-08-09 10 4 2 0 2 35 11 8 2 1
rYedKXpb5mo 2015-08-10 10 5 2 1 2 36 11 8 0 3
rYedKXpb5mo 2015-08-11 5 1 0 0 1 26 8 6 1 1
rYedKXpb5mo 2015-08-12 6 4 1 1 2 20 9 6 1 2
rYedKXpb5mo 2015-08-13 6 3 3 0 0 21 13 9 0 4
rYedKXpb5mo 2015-08-14 7 4 2 1 1 23 7 3 3 1
rYedKXpb5mo 2015-08-15 3 1 1 0 0 32 12 7 1 4
rYedKXpb5mo 2015-08-16 2 2 1 0 1 29 16 8 3 5
rYedKXpb5mo 2015-08-17 3 0 0 0 0 34 12 6 1 5
rYedKXpb5mo 2015-08-18 4 1 0 0 1 40 18 10 1 7
rYedKXpb5mo 2015-08-19 1 1 1 0 0 24 7 5 0 2
rYedKXpb5mo 2015-08-20 4 1 1 0 0 30 11 8 0 3
rYedKXpb5mo 2015-08-21 7 1 0 0 1 36 20 12 3 5
rYedKXpb5mo 2015-08-22 5 2 1 0 1 39 20 11 3 6
rYedKXpb5mo 2015-08-23 4 2 2 0 0 34 17 11 1 5
rYedKXpb5mo 2015-08-24 7 3 2 0 1 19 6 5 0 1
rYedKXpb5mo 2015-08-25 8 2 1 0 1 26 10 8 1 1
rYedKXpb5mo 2015-08-26 2 0 0 0 0 25 6 5 0 1
rYedKXpb5mo 2015-08-27 6 2 1 0 1 25 7 6 0 1
rYedKXpb5mo 2015-08-28 0 0 0 0 0 27 13 10 0 3
rYedKXpb5mo 2015-08-29 7 0 0 0 0 31 17 14 0 3
rYedKXpb5mo 2015-08-30 7 2 1 0 1 31 13 10 1 2
rYedKXpb5mo 2015-08-31 4 1 1 0 0 24 9 7 0 2
rYedKXpb5mo 2015-09-01 2 0 0 0 0 30 10 8 2 0
rYedKXpb5mo 2015-09-02 4 0 0 0 0 21 8 6 1 1
rYedKXpb5mo 2015-09-03 2 2 0 0 2 35 14 10 0 4
rYedKXpb5mo 2015-09-04 21 10 9 0 1 34 12 8 1 3
rYedKXpb5mo 2015-09-05 3 1 1 0 0 43 15 11 1 3
rYedKXpb5mo 2015-09-06 5 2 1 0 1 30 19 13 2 4
rYedKXpb5mo 2015-09-07 7 3 1 0 2 33 18 13 0 5
rYedKXpb5mo 2015-09-08 6 3 3 0 0 27 12 7 0 5
rYedKXpb5mo 2015-09-09 8 3 2 1 0 42 16 12 1 3
rYedKXpb5mo 2015-09-10 5 2 2 0 0 41 13 13 0 0
rYedKXpb5mo 2015-09-11 10 4 4 0 0 22 8 7 0 1
rYedKXpb5mo 2015-09-12 6 4 3 0 1 32 16 10 0 6
rYedKXpb5mo 2015-09-13 7 1 1 0 0 41 20 13 1 6
rYedKXpb5mo 2015-09-14 3 1 0 0 1 32 13 11 1 1
rYedKXpb5mo 2015-09-15 7 1 0 0 1 24 7 6 0 1
rYedKXpb5mo 2015-09-16 12 7 3 0 4 28 11 6 2 3
rYedKXpb5mo 2015-09-17 7 1 1 0 0 25 7 6 1 0
rYedKXpb5mo 2015-09-18 2 0 0 0 0 19 8 5 0 3
rYedKXpb5mo 2015-09-19 5 1 1 0 0 26 11 8 1 2
rYedKXpb5mo 2015-09-20 8 2 1 0 1 23 13 6 2 5
rYedKXpb5mo 2015-09-21 7 3 2 0 1 37 17 12 2 3
rYedKXpb5mo 2015-09-22 6 0 0 0 0 22 10 8 2 0
rYedKXpb5mo 2015-09-23 5 3 2 1 0 32 8 6 1 1
rYedKXpb5mo 2015-09-24 4 3 1 0 2 23 10 5 1 4
rYedKXpb5mo 2015-09-25 11 2 2 0 0 19 7 5 1 1
rYedKXpb5mo 2015-09-26 6 1 1 0 0 17 5 2 2 1
rYedKXpb5mo 2015-09-27 2 0 0 0 0 44 16 13 0 3
rYedKXpb5mo 2015-09-28 6 1 0 0 1 32 16 9 3 4
rYedKXpb5mo 2015-09-29 7 3 1 1 1 24 11 9 0 2
rYedKXpb5mo 2015-09-30 8 2 1 0 1 31 12 7 0 5
rYedKXpb5mo 2015-10-01 9 3 3 0 0 35 11 7 2 2
rYedKXpb5mo 2015-10-02 3 2 1 0 1 34 9 6 0 3
rYedKXpb5mo 2015-10-03 7 1 0 0 1 32 7 3 0 4
rYedKXpb5mo 2015-10-04 5 2 1 0 1 37 14 8 3 3
rYedKXpb5mo 2015-10-05 8 2 1 0 1 25 7 7 0 0
rYedKXpb5mo 2015-10-06 8 6 4 1 1 27 16 10 0 6
rYedKXpb5mo 2015-10-07 6 5 2 0 3 29 15 12 1 2
rYedKXpb5mo 2015-10-08 7 4 3 0 1 34 14 9 2 3
rYedKXpb5mo 2015-10-09 10 2 2 0 0 43 10 6 1 3
rYedKXpb5mo 2015-10-10 2 1 1 0 0 40 20 17 1 2
rYedKXpb5mo 2015-10-11 6 1 1 0 0 51 26 21 1 4
rYedKXpb5mo 2015-10-12 7 2 2 0 0 46 16 9 3 4
rYedKXpb5mo 2015-10-13 12 3 2 1 0 45 16 11 0 5
rYedKXpb5mo 2015-10-14 8 2 1 0 1 28 12 8 2 2
rYedKXpb5mo 2015-10-15 8 2 2 0 0 31 10 8 2 0
rYedKXpb5mo 2015-10-16 6 1 0 0 1 44 11 8 1 2
rYedKXpb5mo 2015-10-17 7 0 0 0 0 42 23 16 3 4
rYedKXpb5mo 2015-10-18 13 7 6 0 1 51 25 15 3 7
rYedKXpb5mo 2015-10-19 6 4 3 0 1 40 15 12 0 3
rYedKXpb5mo 2015-10-20 13 7 6 1 0 34 15 10 1 4
rYedKXpb5mo 2015-10-21 8 6 6 0 0 33 10 7 1 2
rYedKXpb5mo 2015-10-22 10 4 2 1 1 41 17 12 1 4
rYedKXpb5mo 2015-10-23 4 2 2 0 0 53 24 16 2 6
rYedKXpb5mo 2015-10-24 6 4 3 0 1 52 26 18 2 6
rYedKXpb5mo 2015-10-25 17 11 7 2 2 35 17 14 1 2
rYedKXpb5mo 2015-10-26 5 3 1 0 2 61 25 17 0 8
rYedKXpb5mo 2015-10-27 10 2 0 1 1 46 14 10 1 3
rYedKXpb5mo 2015-10-28 8 2 1 0 1 40 18 15 0 3
rYedKXpb5mo 2015-10-29 2 0 0 0 0 43 16 11 1 4
rYedKXpb5mo 2015-10-30 4 1 0 0 1 45 17 9 0 8
rYedKXpb5mo 2015-10-31 9 3 3 0 0 55 28 21 2 5
rYedKXpb5mo 2015-11-01 2 1 1 0 0 48 23 18 3 2
rYedKXpb5mo 2015-11-02 10 4 3 0 1 44 17 12 2 3
rYedKXpb5mo 2015-11-03 7 3 2 0 1 67 25 12 2 11
rYedKXpb5mo 2015-11-04 10 3 2 0 1 41 19 15 1 3
rYedKXpb5mo 2015-11-05 5 1 1 0 0 29 15 13 2 0
rYedKXpb5mo 2015-11-06 19 12 7 0 5 44 14 11 0 3
rYedKXpb5mo 2015-11-07 15 8 2 0 6 65 29 19 2 8
rYedKXpb5mo 2015-11-08 10 1 1 0 0 33 14 8 1 5
rYedKXpb5mo 2015-11-09 10 5 2 1 2 38 13 7 0 6
rYedKXpb5mo 2015-11-10 11 8 7 0 1 41 18 16 0 2
rYedKXpb5mo 2015-11-11 6 5 3 1 1 37 20 15 0 5
rYedKXpb5mo 2015-11-12 7 2 2 0 0 30 9 5 0 4
rYedKXpb5mo 2015-11-13 10 5 1 0 4 39 12 8 2 2
rYedKXpb5mo 2015-11-14 8 4 2 0 2 40 16 13 0 3
rYedKXpb5mo 2015-11-15 19 8 5 3 0 55 20 10 1 9
rYedKXpb5mo 2015-11-16 10 4 2 1 1 53 20 13 2 5
rYedKXpb5mo 2015-11-17 13 9 6 1 2 49 23 14 4 5
rYedKXpb5mo 2015-11-18 7 3 3 0 0 57 30 22 0 8
rYedKXpb5mo 2015-11-19 19 8 7 0 1 84 44 33 1 10
rYedKXpb5mo 2015-11-20 9 7 4 0 3 45 20 9 4 7
rYedKXpb5mo 2015-11-21 12 6 4 0 2 40 21 9 3 9
rYedKXpb5mo 2015-11-22 11 5 1 2 2 63 31 17 3 11
rYedKXpb5mo 2015-11-23 11 7 2 2 3 46 22 17 3 2
rYedKXpb5mo 2015-11-24 15 5 4 0 1 46 12 8 1 3
rYedKXpb5mo 2015-11-25 12 3 2 0 1 85 44 30 4 10
rYedKXpb5mo 2015-11-26 7 4 3 0 1 81 50 35 8 7
rYedKXpb5mo 2015-11-27 9 6 2 1 3 66 40 25 2 13
rYedKXpb5mo 2015-11-28 8 5 1 0 4 70 28 18 2 8
rYedKXpb5mo 2015-11-29 15 7 4 0 3 64 22 19 0 3
rYedKXpb5mo 2015-11-30 17 5 3 0 2 67 26 17 3 6
rYedKXpb5mo 2015-12-01 10 3 2 1 0 75 37 21 4 12
rYedKXpb5mo 2015-12-02 24 8 5 0 3 72 35 19 6 10
rYedKXpb5mo 2015-12-03 7 2 1 0 1 72 37 23 1 13
rYedKXpb5mo 2015-12-04 9 7 6 1 0 78 38 23 4 11
rYedKXpb5mo 2015-12-05 12 6 5 0 1 93 46 27 5 14
rYedKXpb5mo 2015-12-06 10 3 0 0 3 94 47 29 4 14
rYedKXpb5mo 2015-12-07 62 32 6 5 21 476 176 43 29 104
rYedKXpb5mo 2015-12-08 203 69 10 8 51 549 220 44 31 145
rYedKXpb5mo 2015-12-09 171 66 6 9 51 450 210 44 38 128
rYedKXpb5mo 2015-12-10 50 17 4 3 10 307 157 35 25 97
rYedKXpb5mo 2015-12-11 32 12 3 1 8 283 134 50 24 60
rYedKXpb5mo 2015-12-12 63 18 3 3 12 243 119 35 21 63
rYedKXpb5mo 2015-12-13 49 13 3 2 8 287 111 33 17 61
rYedKXpb5mo 2015-12-14 41 15 6 1 8 177 65 21 15 29
rYedKXpb5mo 2015-12-15 33 10 2 1 7 103 50 22 7 21
rYedKXpb5mo 2015-12-16 36 9 4 1 4 174 80 34 8 38
rYedKXpb5mo 2015-12-17 14 2 1 0 1 138 58 24 7 27
rYedKXpb5mo 2015-12-18 11 6 1 1 4 122 64 20 13 31
rYedKXpb5mo 2015-12-19 36 11 1 6 4 113 47 23 6 18
rYedKXpb5mo 2015-12-20 36 18 8 2 8 139 66 33 10 23
rYedKXpb5mo 2015-12-21 32 12 2 3 7 101 34 13 9 12
rYedKXpb5mo 2015-12-22 35 19 9 3 7 135 57 38 6 13
rYedKXpb5mo 2015-12-23 45 20 2 2 16 106 49 26 3 20
rYedKXpb5mo 2015-12-24 20 7 2 2 3 92 32 17 1 14
rYedKXpb5mo 2015-12-25 41 12 0 5 7 86 31 14 9 8
rYedKXpb5mo 2015-12-26 31 9 2 2 5 96 31 5 7 19
rYedKXpb5mo 2015-12-27 15 6 2 1 3 86 33 23 3 7
rYedKXpb5mo 2015-12-28 49 13 3 5 5 112 57 32 7 18
rYedKXpb5mo 2015-12-29 37 13 2 1 10 103 41 22 4 15
rYedKXpb5mo 2015-12-30 25 13 5 0 8 89 42 13 8 21
rYedKXpb5mo 2015-12-31 26 9 5 3 1 83 28 17 0 11
rYedKXpb5mo 2016-01-01 42 17 6 2 9 103 43 21 8 14
rYedKXpb5mo 2016-01-02 31 15 5 1 9 117 53 25 9 19
rYedKXpb5mo 2016-01-03 32 16 6 2 8 103 40 19 6 15
rYedKXpb5mo 2016-01-04 15 8 3 1 4 101 42 19 6 17
rYedKXpb5mo 2016-01-05 13 4 3 0 1 99 51 22 17 12
rYedKXpb5mo 2016-01-06 14 3 1 0 2 83 33 20 6 7
rYedKXpb5mo 2016-01-07 23 8 4 1 3 78 35 22 4 9
rYedKXpb5mo 2016-01-08 61 22 10 4 8 95 29 18 2 9
rYedKXpb5mo 2016-01-09 76 20 3 3 14 129 49 21 8 20
rYedKXpb5mo 2016-01-10 31 8 5 0 3 85 34 18 4 12
rYedKXpb5mo 2016-01-11 28 9 4 1 4 69 30 14 3 13
rYedKXpb5mo 2016-01-12 17 6 2 1 3 89 37 20 3 14
rYedKXpb5mo 2016-01-13 15 2 1 0 1 77 30 18 6 6
rYedKXpb5mo 2016-01-14 32 13 5 3 5 67 24 19 0 5
rYedKXpb5mo 2016-01-15 28 17 7 3 7 69 23 10 2 11
rYedKXpb5mo 2016-01-16 21 11 6 1 4 62 31 17 2 12
rYedKXpb5mo 2016-01-17 71 18 1 3 14 81 38 22 3 13
rYedKXpb5mo 2016-01-18 25 6 2 1 3 71 33 19 3 11
rYedKXpb5mo 2016-01-19 41 20 7 3 10 53 21 14 3 4
rYedKXpb5mo 2016-01-20 60 25 16 2 7 57 25 14 2 9
rYedKXpb5mo 2016-01-21 54 10 4 2 4 53 21 11 2 8
rYedKXpb5mo 2016-01-22 45 18 2 4 12 70 31 20 3 8
rYedKXpb5mo 2016-01-23 32 14 5 1 8 82 32 19 3 10
rYedKXpb5mo 2016-01-24 71 27 5 2 20 78 38 24 3 11
rYedKXpb5mo 2016-01-25 101 31 5 5 21 87 32 21 2 9
rYedKXpb5mo 2016-01-26 72 32 10 6 16 85 25 20 0 5
rYedKXpb5mo 2016-01-27 69 21 5 4 12 48 22 12 5 5
rYedKXpb5mo 2016-01-28 37 15 6 3 6 65 29 18 2 9
rYedKXpb5mo 2016-01-29 46 22 6 4 12 54 22 14 2 6
rYedKXpb5mo 2016-01-30 42 19 9 5 5 87 27 24 0 3
rYedKXpb5mo 2016-01-31 32 11 1 0 10 97 34 20 5 9
rYedKXpb5mo 2016-02-01 34 12 7 0 5 66 31 24 2 5
rYedKXpb5mo 2016-02-02 58 13 6 4 3 53 21 13 3 5
rYedKXpb5mo 2016-02-03 51 21 8 5 8 62 32 23 4 5
rYedKXpb5mo 2016-02-04 50 12 7 2 3 73 28 15 4 9
rYedKXpb5mo 2016-02-05 50 22 8 6 8 83 33 21 6 6
rYedKXpb5mo 2016-02-06 82 39 16 6 17 73 33 25 4 4
rYedKXpb5mo 2016-02-07 52 18 6 1 11 85 39 23 3 13
rYedKXpb5mo 2016-02-08 64 20 6 4 10 62 28 21 1 6
rYedKXpb5mo 2016-02-09 32 9 3 3 3 69 21 16 0 5
rYedKXpb5mo 2016-02-10 35 15 9 1 5 77 42 22 5 15
rYedKXpb5mo 2016-02-11 58 31 18 3 10 77 32 13 11 8
rYedKXpb5mo 2016-02-12 28 8 3 4 1 63 12 9 1 2
rYedKXpb5mo 2016-02-13 20 6 5 0 1 84 27 23 1 3
rYedKXpb5mo 2016-02-14 60 20 10 3 7 96 28 19 1 8
rYedKXpb5mo 2016-02-15 41 18 7 1 10 97 36 13 11 12
rYedKXpb5mo 2016-02-16 61 24 9 5 10 72 19 14 1 4
rYedKXpb5mo 2016-02-17 49 17 8 0 9 73 25 18 0 7
rYedKXpb5mo 2016-02-18 43 23 16 5 2 92 35 20 3 12
rYedKXpb5mo 2016-02-19 51 22 8 1 13 74 25 17 2 6
rYedKXpb5mo 2016-02-20 46 20 8 0 12 95 41 30 3 8
rYedKXpb5mo 2016-02-21 45 21 4 5 12 116 50 36 8 6
rYedKXpb5mo 2016-02-22 73 30 6 8 16 67 27 14 1 12
rYedKXpb5mo 2016-02-23 48 20 6 1 13 71 30 21 4 5
rYedKXpb5mo 2016-02-24 28 11 8 0 3 77 31 22 4 5
rYedKXpb5mo 2016-02-25 75 33 12 2 19 95 39 27 3 9
rYedKXpb5mo 2016-02-26 40 12 4 0 8 56 24 19 1 4
rYedKXpb5mo 2016-02-27 49 15 6 4 5 83 44 31 3 10
rYedKXpb5mo 2016-02-28 29 9 1 2 6 106 38 28 1 9
rYedKXpb5mo 2016-02-29 35 16 7 3 6 97 37 21 5 11
rYedKXpb5mo 2016-03-01 24 8 5 2 1 87 29 17 4 8
rYedKXpb5mo 2016-03-02 28 9 3 3 3 91 29 15 4 10
rYedKXpb5mo 2016-03-03 30 13 7 2 4 83 27 12 2 13
rYedKXpb5mo 2016-03-04 35 12 6 2 4 95 34 17 6 11
rYedKXpb5mo 2016-03-05 44 29 14 5 10 108 36 24 1 11
rYedKXpb5mo 2016-03-06 42 21 6 9 6 122 48 27 7 14
rYedKXpb5mo 2016-03-07 47 20 6 6 8 68 28 14 5 9
rYedKXpb5mo 2016-03-08 40 21 11 4 6 67 24 9 6 9
rYedKXpb5mo 2016-03-09 29 7 2 1 4 84 31 18 8 5
rYedKXpb5mo 2016-03-10 37 14 7 6 1 98 41 28 4 9
rYedKXpb5mo 2016-03-11 39 18 10 3 5 91 35 26 0 9
rYedKXpb5mo 2016-03-12 49 14 2 3 9 133 47 33 4 10
rYedKXpb5mo 2016-03-13 47 21 6 6 9 130 51 34 7 10
rYedKXpb5mo 2016-03-14 67 19 5 3 11 76 29 20 4 5
rYedKXpb5mo 2016-03-15 31 9 4 1 4 98 41 28 3 10
rYedKXpb5mo 2016-03-16 38 14 8 3 3 83 33 21 2 10
rYedKXpb5mo 2016-03-17 36 14 8 1 5 89 43 31 3 9
rYedKXpb5mo 2016-03-18 23 2 2 0 0 70 24 16 3 5
rYedKXpb5mo 2016-03-19 31 11 4 4 3 74 28 21 0 7
rYedKXpb5mo 2016-03-20 58 23 11 1 11 103 50 30 4 16
rYedKXpb5mo 2016-03-21 42 13 6 0 7 93 35 23 2 10
rYedKXpb5mo 2016-03-22 48 17 10 0 7 96 49 28 6 15
rYedKXpb5mo 2016-03-23 58 23 11 0 12 95 36 24 5 7
rYedKXpb5mo 2016-03-24 43 12 7 0 5 105 46 28 7 11
rYedKXpb5mo 2016-03-25 40 17 9 2 6 79 28 17 0 11
rYedKXpb5mo 2016-03-26 40 15 7 3 5 139 56 28 8 20
rYedKXpb5mo 2016-03-27 47 21 19 0 2 113 42 30 1 11
rYedKXpb5mo 2016-03-28 39 15 10 0 5 87 36 22 4 10
rYedKXpb5mo 2016-03-29 30 12 8 2 2 111 29 16 5 8
rYedKXpb5mo 2016-03-30 24 12 6 1 5 100 47 27 7 13
rYedKXpb5mo 2016-03-31 43 16 9 1 6 88 39 25 2 12
rYedKXpb5mo 2016-04-01 23 9 5 0 4 101 30 19 3 8
rYedKXpb5mo 2016-04-02 38 18 11 2 5 128 63 38 10 15
rYedKXpb5mo 2016-04-03 38 13 6 1 6 133 74 42 10 22
rYedKXpb5mo 2016-04-04 42 18 10 4 4 122 46 32 6 8
rYedKXpb5mo 2016-04-05 40 16 10 1 5 122 59 38 6 15
rYedKXpb5mo 2016-04-06 28 8 4 0 4 102 47 33 3 11
rYedKXpb5mo 2016-04-07 34 11 6 1 4 125 54 40 2 12
rYedKXpb5mo 2016-04-08 35 15 13 0 2 99 34 17 3 14
rYedKXpb5mo 2016-04-09 37 12 9 0 3 113 41 32 1 8
rYedKXpb5mo 2016-04-10 24 6 5 0 1 127 40 15 4 21
rYedKXpb5mo 2016-04-11 23 8 5 0 3 107 39 21 4 14
rYedKXpb5mo 2016-04-12 37 17 9 0 8 113 52 20 8 24
rYedKXpb5mo 2016-04-13 30 7 3 2 2 118 53 39 1 13
rYedKXpb5mo 2016-04-14 36 14 10 0 4 112 42 22 5 15
rYedKXpb5mo 2016-04-15 35 13 6 1 6 125 51 34 5 12
rYedKXpb5mo 2016-04-16 25 10 8 1 1 140 45 30 7 8
rYedKXpb5mo 2016-04-17 45 18 11 4 3 138 53 29 6 18
rYedKXpb5mo 2016-04-18 45 25 11 2 12 111 39 24 2 13
rYedKXpb5mo 2016-04-19 43 18 10 3 5 122 61 41 4 16
rYedKXpb5mo 2016-04-20 42 19 8 2 9 97 51 32 3 16
rYedKXpb5mo 2016-04-21 28 10 5 1 4 114 40 29 6 5
rYedKXpb5mo 2016-04-22 44 13 12 1 0 100 44 30 6 8
rYedKXpb5mo 2016-04-23 32 11 9 0 2 147 59 36 6 17
rYedKXpb5mo 2016-04-24 26 12 10 2 0 106 40 25 4 11
rYedKXpb5mo 2016-04-25 32 12 5 2 5 113 41 19 8 14
rYedKXpb5mo 2016-04-26 35 19 9 1 9 122 46 29 4 13
rYedKXpb5mo 2016-04-27 30 7 2 0 5 123 54 37 8 9
rYedKXpb5mo 2016-04-28 41 13 6 2 5 131 47 29 4 14
rYedKXpb5mo 2016-04-29 53 17 5 4 8 122 45 25 2 18
rYedKXpb5mo 2016-04-30 46 14 6 5 3 179 45 33 3 9
rYedKXpb5mo 2016-05-01 35 13 7 3 3 149 54 36 3 15
rYedKXpb5mo 2016-05-02 34 12 6 2 4 131 43 20 3 20
rYedKXpb5mo 2016-05-03 36 7 6 0 1 125 39 27 3 9
rYedKXpb5mo 2016-05-04 41 11 8 0 3 160 45 25 2 18
rYedKXpb5mo 2016-05-05 32 9 4 3 2 176 55 30 3 22
rYedKXpb5mo 2016-05-06 66 24 16 1 7 138 59 29 11 19
rYedKXpb5mo 2016-05-07 32 10 5 1 4 160 69 46 10 13
rYedKXpb5mo 2016-05-08 37 11 10 0 1 150 60 45 3 12
rYedKXpb5mo 2016-05-09 44 12 9 1 2 152 62 41 5 16
rYedKXpb5mo 2016-05-10 40 8 7 0 1 136 53 35 9 9
rYedKXpb5mo 2016-05-11 39 11 9 0 2 107 36 21 3 12
rYedKXpb5mo 2016-05-12 53 24 11 2 11 134 47 27 10 10
rYedKXpb5mo 2016-05-13 61 27 13 1 13 125 43 25 8 10
rYedKXpb5mo 2016-05-14 73 22 15 2 5 118 39 20 2 17
rYedKXpb5mo 2016-05-15 74 27 18 1 8 139 45 27 3 15
rYedKXpb5mo 2016-05-16 73 24 13 4 7 134 45 18 5 22
rYedKXpb5mo 2016-05-17 80 31 18 5 8 127 52 33 7 12
rYedKXpb5mo 2016-05-18 42 23 14 3 6 113 43 33 7 3
rYedKXpb5mo 2016-05-19 57 20 15 0 5 133 48 32 3 13
rYedKXpb5mo 2016-05-20 58 23 16 3 4 146 57 37 2 18
rYedKXpb5mo 2016-05-21 86 34 13 6 15 185 74 32 15 27
rYedKXpb5mo 2016-05-22 81 28 18 4 6 136 49 31 6 12
rYedKXpb5mo 2016-05-23 101 40 25 5 10 119 40 31 2 7
rYedKXpb5mo 2016-05-24 63 17 13 1 3 122 50 31 4 15
rYedKXpb5mo 2016-05-25 65 22 15 2 5 109 41 21 3 17
rYedKXpb5mo 2016-05-26 65 13 7 2 4 120 47 32 8 7
rYedKXpb5mo 2016-05-27 36 15 12 1 2 127 52 31 2 19
rYedKXpb5mo 2016-05-28 39 18 10 2 6 149 69 47 3 19
rYedKXpb5mo 2016-05-29 54 24 14 2 8 108 39 23 7 9
rYedKXpb5mo 2016-05-30 45 16 9 1 6 141 55 40 4 11
rYedKXpb5mo 2016-05-31 37 10 8 1 1 113 38 23 1 14
rYedKXpb5mo 2016-06-01 38 17 13 2 2 147 46 30 3 13
rYedKXpb5mo 2016-06-02 42 16 14 0 2 139 46 29 5 12
rYedKXpb5mo 2016-06-03 43 24 17 2 5 136 47 34 5 8
rYedKXpb5mo 2016-06-04 48 18 9 1 8 159 66 35 11 20
rYedKXpb5mo 2016-06-05 31 8 3 0 5 150 56 37 4 15
rYedKXpb5mo 2016-06-06 46 15 7 0 8 143 59 41 2 16
rYedKXpb5mo 2016-06-07 31 16 6 0 10 160 73 49 11 13
rYedKXpb5mo 2016-06-08 34 16 10 0 6 172 77 51 9 17
rYedKXpb5mo 2016-06-09 33 14 8 1 5 161 66 42 7 17
rYedKXpb5mo 2016-06-10 48 15 10 1 4 181 83 53 8 22
rYedKXpb5mo 2016-06-11 48 28 13 4 11 176 68 44 6 18
rYedKXpb5mo 2016-06-12 52 20 10 2 8 209 84 51 4 29
rYedKXpb5mo 2016-06-13 29 6 5 0 1 229 90 53 11 26
rYedKXpb5mo 2016-06-14 48 18 13 2 3 189 71 46 7 18
rYedKXpb5mo 2016-06-15 52 25 13 3 9 250 102 69 9 24
rYedKXpb5mo 2016-06-16 41 9 3 0 6 218 95 53 7 35
rYedKXpb5mo 2016-06-17 53 10 2 3 5 246 116 65 13 38
rYedKXpb5mo 2016-06-18 59 23 15 4 4 270 93 51 7 35
rYedKXpb5mo 2016-06-19 70 18 8 1 9 265 100 68 6 26
rYedKXpb5mo 2016-06-20 39 7 6 0 1 186 80 49 13 18
rYedKXpb5mo 2016-06-21 35 11 6 1 4 185 78 48 5 25
rYedKXpb5mo 2016-06-22 35 15 7 1 7 230 92 63 8 21
rYedKXpb5mo 2016-06-23 67 23 16 1 6 237 91 43 10 38
rYedKXpb5mo 2016-06-24 56 22 14 2 6 213 105 69 10 26
rYedKXpb5mo 2016-06-25 81 23 8 3 12 221 69 42 9 18
rYedKXpb5mo 2016-06-26 41 12 7 1 4 236 77 50 5 22
rYedKXpb5mo 2016-06-27 46 17 7 1 9 186 77 44 5 28
rYedKXpb5mo 2016-06-28 53 21 13 0 8 184 75 48 4 23
rYedKXpb5mo 2016-06-29 40 18 8 1 9 226 93 67 3 23
rYedKXpb5mo 2016-06-30 61 30 19 1 10 253 100 51 9 40
rYedKXpb5mo 2016-07-01 67 13 10 1 2 191 64 43 8 13
rYedKXpb5mo 2016-07-02 71 27 16 0 11 185 73 50 5 18
rYedKXpb5mo 2016-07-03 52 17 10 2 5 252 111 64 5 42
rYedKXpb5mo 2016-07-04 68 29 19 2 8 188 76 40 6 30
rYedKXpb5mo 2016-07-05 62 19 8 2 9 230 104 53 12 39
rYedKXpb5mo 2016-07-06 52 21 17 1 3 177 85 47 14 24
rYedKXpb5mo 2016-07-07 47 22 14 2 6 177 71 49 3 19
rYedKXpb5mo 2016-07-08 97 49 34 5 10 165 71 50 3 18
rYedKXpb5mo 2016-07-09 57 23 12 2 9 187 87 51 12 24
rYedKXpb5mo 2016-07-10 34 11 8 1 2 147 61 44 6 11
rYedKXpb5mo 2016-07-11 64 32 20 4 8 212 91 47 13 31
rYedKXpb5mo 2016-07-12 72 26 13 1 12 190 93 61 4 28
rYedKXpb5mo 2016-07-13 49 24 15 1 8 201 81 47 3 31
rYedKXpb5mo 2016-07-14 88 35 13 3 19 223 102 50 14 38
rYedKXpb5mo 2016-07-15 70 20 12 3 5 191 71 42 8 21
rYedKXpb5mo 2016-07-16 56 22 17 2 3 245 121 68 10 43
rYedKXpb5mo 2016-07-17 100 48 26 4 18 256 92 56 7 29
rYedKXpb5mo 2016-07-18 74 20 10 1 9 235 109 60 13 36
rYedKXpb5mo 2016-07-19 47 16 10 3 3 269 90 53 9 28
rYedKXpb5mo 2016-07-20 64 22 15 2 5 276 96 49 15 32
rYedKXpb5mo 2016-07-21 81 36 24 4 8 296 101 59 8 34
rYedKXpb5mo 2016-07-22 69 25 13 3 9 250 110 62 14 34
rYedKXpb5mo 2016-07-23 61 21 12 1 8 309 138 73 7 58
rYedKXpb5mo 2016-07-24 48 14 10 3 1 246 109 66 8 35
rYedKXpb5mo 2016-07-25 70 25 15 1 9 295 111 67 15 29
rYedKXpb5mo 2016-07-26 63 24 12 2 10 295 101 58 12 31
rYedKXpb5mo 2016-07-27 85 33 24 2 7 308 124 82 12 30
rYedKXpb5mo 2016-07-28 76 35 24 2 9 330 110 59 11 40
rYedKXpb5mo 2016-07-29 64 36 25 1 10 301 104 55 9 40
rYedKXpb5mo 2016-07-30 51 21 16 1 4 316 127 81 8 38
rYedKXpb5mo 2016-07-31 73 31 18 2 11 369 137 89 9 39
rYedKXpb5mo 2016-08-01 73 38 23 3 12 296 116 63 8 45
