video date target_total target_isis target_happy target_sad target_angry total isis happy sad angry
VR_kLczq9zs 2015-06-01 0 0 0 0 0 0 0 0 0 0
VR_kLczq9zs 2015-06-02 1 0 0 0 0 0 0 0 0 0
VR_kLczq9zs 2015-06-03 5 1 1 0 0 0 0 0 0 0
VR_kLczq9zs 2015-06-04 1 1 1 0 0 0 0 0 0 0
VR_kLczq9zs 2015-06-05 1 1 0 0 1 0 0 0 0 0
VR_kLczq9zs 2015-06-06 0 0 0 0 0 0 0 0 0 0
VR_kLczq9zs 2015-06-07 0 0 0 0 0 0 0 0 0 0
VR_kLczq9zs 2015-06-08 0 0 0 0 0 0 0 0 0 0
VR_kLczq9zs 2015-06-09 0 0 0 0 0 0 0 0 0 0
VR_kLczq9zs 2015-06-10 1 0 0 0 0 0 0 0 0 0
VR_kLczq9zs 2015-06-11 0 0 0 0 0 0 0 0 0 0
VR_kLczq9zs 2015-06-12 0 0 0 0 0 0 0 0 0 0
VR_kLczq9zs 2015-06-13 2 1 1 0 0 0 0 0 0 0
VR_kLczq9zs 2015-06-14 1 0 0 0 0 0 0 0 0 0
VR_kLczq9zs 2015-06-15 2 0 0 0 0 0 0 0 0 0
VR_kLczq9zs 2015-06-16 0 0 0 0 0 0 0 0 0 0
VR_kLczq9zs 2015-06-17 0 0 0 0 0 0 0 0 0 0
VR_kLczq9zs 2015-06-18 0 0 0 0 0 0 0 0 0 0
VR_kLczq9zs 2015-06-19 1 0 0 0 0 0 0 0 0 0
VR_kLczq9zs 2015-06-20 2 1 1 0 0 0 0 0 0 0
VR_kLczq9zs 2015-06-21 4 1 1 0 0 0 0 0 0 0
VR_kLczq9zs 2015-06-22 5 1 1 0 0 0 0 0 0 0
VR_kLczq9zs 2015-06-23 1 0 0 0 0 0 0 0 0 0
VR_kLczq9zs 2015-06-24 3 2 1 0 1 0 0 0 0 0
VR_kLczq9zs 2015-06-25 4 1 0 1 0 0 0 0 0 0
VR_kLczq9zs 2015-06-26 5 2 2 0 0 0 0 0 0 0
VR_kLczq9zs 2015-06-27 4 4 3 0 1 0 0 0 0 0
VR_kLczq9zs 2015-06-28 0 0 0 0 0 0 0 0 0 0
VR_kLczq9zs 2015-06-29 2 0 0 0 0 0 0 0 0 0
VR_kLczq9zs 2015-06-30 1 0 0 0 0 0 0 0 0 0
VR_kLczq9zs 2015-07-01 4 2 2 0 0 0 0 0 0 0
VR_kLczq9zs 2015-07-02 4 0 0 0 0 0 0 0 0 0
VR_kLczq9zs 2015-07-03 1 1 1 0 0 0 0 0 0 0
VR_kLczq9zs 2015-07-04 0 0 0 0 0 0 0 0 0 0
VR_kLczq9zs 2015-07-05 3 2 2 0 0 0 0 0 0 0
VR_kLczq9zs 2015-07-06 1 1 1 0 0 0 0 0 0 0
VR_kLczq9zs 2015-07-07 5 2 2 0 0 0 0 0 0 0
VR_kLczq9zs 2015-07-08 7 2 1 0 1 0 0 0 0 0
VR_kLczq9zs 2015-07-09 2 1 0 1 0 0 0 0 0 0
VR_kLczq9zs 2015-07-10 1 1 0 0 1 0 0 0 0 0
VR_kLczq9zs 2015-07-11 2 1 1 0 0 0 0 0 0 0
VR_kLczq9zs 2015-07-12 2 0 0 0 0 0 0 0 0 0
VR_kLczq9zs 2015-07-13 1 0 0 0 0 0 0 0 0 0
VR_kLczq9zs 2015-07-14 1 0 0 0 0 0 0 0 0 0
VR_kLczq9zs 2015-07-15 1 0 0 0 0 0 0 0 0 0
VR_kLczq9zs 2015-07-16 0 0 0 0 0 0 0 0 0 0
VR_kLczq9zs 2015-07-17 5 4 4 0 0 0 0 0 0 0
VR_kLczq9zs 2015-07-18 0 0 0 0 0 0 0 0 0 0
VR_kLczq9zs 2015-07-19 3 1 0 1 0 0 0 0 0 0
VR_kLczq9zs 2015-07-20 1 0 0 0 0 0 0 0 0 0
VR_kLczq9zs 2015-07-21 2 1 1 0 0 0 0 0 0 0
VR_kLczq9zs 2015-07-22 0 0 0 0 0 0 0 0 0 0
VR_kLczq9zs 2015-07-23 1 0 0 0 0 0 0 0 0 0
VR_kLczq9zs 2015-07-24 3 2 2 0 0 0 0 0 0 0
VR_kLczq9zs 2015-07-25 0 0 0 0 0 0 0 0 0 0
VR_kLczq9zs 2015-07-26 0 0 0 0 0 0 0 0 0 0
VR_kLczq9zs 2015-07-27 1 0 0 0 0 0 0 0 0 0
VR_kLczq9zs 2015-07-28 0 0 0 0 0 0 0 0 0 0
VR_kLczq9zs 2015-07-29 1 1 0 0 1 0 0 0 0 0
VR_kLczq9zs 2015-07-30 0 0 0 0 0 0 0 0 0 0
VR_kLczq9zs 2015-07-31 0 0 0 0 0 0 0 0 0 0
VR_kLczq9zs 2015-08-01 0 0 0 0 0 0 0 0 0 0
VR_kLczq9zs 2015-08-02 0 0 0 0 0 0 0 0 0 0
VR_kLczq9zs 2015-08-03 0 0 0 0 0 0 0 0 0 0
VR_kLczq9zs 2015-08-04 0 0 0 0 0 0 0 0 0 0
VR_kLczq9zs 2015-08-05 0 0 0 0 0 0 0 0 0 0
VR_kLczq9zs 2015-08-06 1 1 0 0 1 0 0 0 0 0
VR_kLczq9zs 2015-08-07 0 0 0 0 0 0 0 0 0 0
VR_kLczq9zs 2015-08-08 1 1 0 0 1 0 0 0 0 0
VR_kLczq9zs 2015-08-09 2 1 1 0 0 0 0 0 0 0
VR_kLczq9zs 2015-08-10 2 1 1 0 0 0 0 0 0 0
VR_kLczq9zs 2015-08-11 1 0 0 0 0 0 0 0 0 0
VR_kLczq9zs 2015-08-12 0 0 0 0 0 0 0 0 0 0
VR_kLczq9zs 2015-08-13 2 0 0 0 0 0 0 0 0 0
VR_kLczq9zs 2015-08-14 1 1 0 1 0 0 0 0 0 0
VR_kLczq9zs 2015-08-15 2 1 1 0 0 0 0 0 0 0
VR_kLczq9zs 2015-08-16 0 0 0 0 0 0 0 0 0 0
VR_kLczq9zs 2015-08-17 1 1 1 0 0 0 0 0 0 0
VR_kLczq9zs 2015-08-18 2 1 1 0 0 0 0 0 0 0
VR_kLczq9zs 2015-08-19 1 0 0 0 0 0 0 0 0 0
VR_kLczq9zs 2015-08-20 0 0 0 0 0 0 0 0 0 0
VR_kLczq9zs 2015-08-21 5 2 2 0 0 0 0 0 0 0
VR_kLczq9zs 2015-08-22 1 1 0 0 1 0 0 0 0 0
VR_kLczq9zs 2015-08-23 0 0 0 0 0 0 0 0 0 0
VR_kLczq9zs 2015-08-24 0 0 0 0 0 0 0 0 0 0
VR_kLczq9zs 2015-08-25 1 1 0 1 0 0 0 0 0 0
VR_kLczq9zs 2015-08-26 3 0 0 0 0 0 0 0 0 0
VR_kLczq9zs 2015-08-27 0 0 0 0 0 0 0 0 0 0
VR_kLczq9zs 2015-08-28 0 0 0 0 0 0 0 0 0 0
VR_kLczq9zs 2015-08-29 1 1 1 0 0 0 0 0 0 0
VR_kLczq9zs 2015-08-30 1 0 0 0 0 0 0 0 0 0
VR_kLczq9zs 2015-08-31 0 0 0 0 0 0 0 0 0 0
VR_kLczq9zs 2015-09-01 1 0 0 0 0 0 0 0 0 0
VR_kLczq9zs 2015-09-02 2 1 1 0 0 0 0 0 0 0
VR_kLczq9zs 2015-09-03 0 0 0 0 0 0 0 0 0 0
VR_kLczq9zs 2015-09-04 0 0 0 0 0 0 0 0 0 0
VR_kLczq9zs 2015-09-05 0 0 0 0 0 0 0 0 0 0
VR_kLczq9zs 2015-09-06 2 1 0 0 1 0 0 0 0 0
VR_kLczq9zs 2015-09-07 1 0 0 0 0 0 0 0 0 0
VR_kLczq9zs 2015-09-08 0 0 0 0 0 0 0 0 0 0
VR_kLczq9zs 2015-09-09 1 1 1 0 0 0 0 0 0 0
VR_kLczq9zs 2015-09-10 1 1 0 0 1 0 0 0 0 0
VR_kLczq9zs 2015-09-11 1 0 0 0 0 0 0 0 0 0
VR_kLczq9zs 2015-09-12 1 0 0 0 0 0 0 0 0 0
VR_kLczq9zs 2015-09-13 1 0 0 0 0 0 0 0 0 0
VR_kLczq9zs 2015-09-14 0 0 0 0 0 0 0 0 0 0
VR_kLczq9zs 2015-09-15 3 2 2 0 0 0 0 0 0 0
VR_kLczq9zs 2015-09-16 1 1 1 0 0 0 0 0 0 0
VR_kLczq9zs 2015-09-17 1 0 0 0 0 0 0 0 0 0
VR_kLczq9zs 2015-09-18 1 0 0 0 0 0 0 0 0 0
VR_kLczq9zs 2015-09-19 0 0 0 0 0 0 0 0 0 0
VR_kLczq9zs 2015-09-20 1 1 1 0 0 0 0 0 0 0
VR_kLczq9zs 2015-09-21 1 0 0 0 0 0 0 0 0 0
VR_kLczq9zs 2015-09-22 0 0 0 0 0 0 0 0 0 0
VR_kLczq9zs 2015-09-23 2 1 0 0 1 0 0 0 0 0
VR_kLczq9zs 2015-09-24 0 0 0 0 0 0 0 0 0 0
VR_kLczq9zs 2015-09-25 0 0 0 0 0 0 0 0 0 0
VR_kLczq9zs 2015-09-26 0 0 0 0 0 0 0 0 0 0
VR_kLczq9zs 2015-09-27 0 0 0 0 0 0 0 0 0 0
VR_kLczq9zs 2015-09-28 0 0 0 0 0 0 0 0 0 0
VR_kLczq9zs 2015-09-29 0 0 0 0 0 0 0 0 0 0
VR_kLczq9zs 2015-09-30 0 0 0 0 0 0 0 0 0 0
VR_kLczq9zs 2015-10-01 0 0 0 0 0 0 0 0 0 0
VR_kLczq9zs 2015-10-02 1 0 0 0 0 0 0 0 0 0
VR_kLczq9zs 2015-10-03 0 0 0 0 0 0 0 0 0 0
VR_kLczq9zs 2015-10-04 0 0 0 0 0 0 0 0 0 0
VR_kLczq9zs 2015-10-05 2 1 1 0 0 0 0 0 0 0
VR_kLczq9zs 2015-10-06 0 0 0 0 0 0 0 0 0 0
VR_kLczq9zs 2015-10-07 0 0 0 0 0 0 0 0 0 0
VR_kLczq9zs 2015-10-08 0 0 0 0 0 0 0 0 0 0
VR_kLczq9zs 2015-10-09 0 0 0 0 0 0 0 0 0 0
VR_kLczq9zs 2015-10-10 0 0 0 0 0 0 0 0 0 0
VR_kLczq9zs 2015-10-11 0 0 0 0 0 0 0 0 0 0
VR_kLczq9zs 2015-10-12 1 0 0 0 0 0 0 0 0 0
VR_kLczq9zs 2015-10-13 0 0 0 0 0 0 0 0 0 0
VR_kLczq9zs 2015-10-14 0 0 0 0 0 0 0 0 0 0
VR_kLczq9zs 2015-10-15 0 0 0 0 0 0 0 0 0 0
VR_kLczq9zs 2015-10-16 0 0 0 0 0 0 0 0 0 0
VR_kLczq9zs 2015-10-17 0 0 0 0 0 0 0 0 0 0
VR_kLczq9zs 2015-10-18 0 0 0 0 0 0 0 0 0 0
VR_kLczq9zs 2015-10-19 3 0 0 0 0 0 0 0 0 0
VR_kLczq9zs 2015-10-20 2 0 0 0 0 0 0 0 0 0
VR_kLczq9zs 2015-10-21 0 0 0 0 0 0 0 0 0 0
VR_kLczq9zs 2015-10-22 1 1 0 0 1 0 0 0 0 0
VR_kLczq9zs 2015-10-23 0 0 0 0 0 0 0 0 0 0
VR_kLczq9zs 2015-10-24 0 0 0 0 0 0 0 0 0 0
VR_kLczq9zs 2015-10-25 0 0 0 0 0 0 0 0 0 0
VR_kLczq9zs 2015-10-26 1 0 0 0 0 0 0 0 0 0
VR_kLczq9zs 2015-10-27 2 0 0 0 0 0 0 0 0 0
VR_kLczq9zs 2015-10-28 1 0 0 0 0 0 0 0 0 0
VR_kLczq9zs 2015-10-29 5 2 0 2 0 0 0 0 0 0
VR_kLczq9zs 2015-10-30 2 0 0 0 0 0 0 0 0 0
VR_kLczq9zs 2015-10-31 0 0 0 0 0 0 0 0 0 0
VR_kLczq9zs 2015-11-01 0 0 0 0 0 0 0 0 0 0
VR_kLczq9zs 2015-11-02 0 0 0 0 0 0 0 0 0 0
VR_kLczq9zs 2015-11-03 1 0 0 0 0 0 0 0 0 0
VR_kLczq9zs 2015-11-04 5 3 1 1 1 0 0 0 0 0
VR_kLczq9zs 2015-11-05 2 1 1 0 0 0 0 0 0 0
VR_kLczq9zs 2015-11-06 1 0 0 0 0 0 0 0 0 0
VR_kLczq9zs 2015-11-07 0 0 0 0 0 0 0 0 0 0
VR_kLczq9zs 2015-11-08 0 0 0 0 0 0 0 0 0 0
VR_kLczq9zs 2015-11-09 2 2 2 0 0 0 0 0 0 0
VR_kLczq9zs 2015-11-10 1 1 1 0 0 0 0 0 0 0
VR_kLczq9zs 2015-11-11 1 0 0 0 0 0 0 0 0 0
VR_kLczq9zs 2015-11-12 0 0 0 0 0 0 0 0 0 0
VR_kLczq9zs 2015-11-13 1 0 0 0 0 0 0 0 0 0
VR_kLczq9zs 2015-11-14 2 1 1 0 0 0 0 0 0 0
VR_kLczq9zs 2015-11-15 0 0 0 0 0 0 0 0 0 0
VR_kLczq9zs 2015-11-16 1 1 1 0 0 0 0 0 0 0
VR_kLczq9zs 2015-11-17 0 0 0 0 0 0 0 0 0 0
VR_kLczq9zs 2015-11-18 0 0 0 0 0 0 0 0 0 0
VR_kLczq9zs 2015-11-19 3 2 0 1 1 0 0 0 0 0
VR_kLczq9zs 2015-11-20 0 0 0 0 0 0 0 0 0 0
VR_kLczq9zs 2015-11-21 1 0 0 0 0 0 0 0 0 0
VR_kLczq9zs 2015-11-22 4 4 0 0 4 0 0 0 0 0
VR_kLczq9zs 2015-11-23 2 1 1 0 0 0 0 0 0 0
VR_kLczq9zs 2015-11-24 1 1 1 0 0 0 0 0 0 0
VR_kLczq9zs 2015-11-25 0 0 0 0 0 0 0 0 0 0
VR_kLczq9zs 2015-11-26 0 0 0 0 0 0 0 0 0 0
VR_kLczq9zs 2015-11-27 2 1 1 0 0 0 0 0 0 0
VR_kLczq9zs 2015-11-28 5 2 2 0 0 0 0 0 0 0
VR_kLczq9zs 2015-11-29 3 0 0 0 0 0 0 0 0 0
VR_kLczq9zs 2015-11-30 0 0 0 0 0 0 0 0 0 0
VR_kLczq9zs 2015-12-01 2 1 1 0 0 0 0 0 0 0
VR_kLczq9zs 2015-12-02 2 2 1 0 1 0 0 0 0 0
VR_kLczq9zs 2015-12-03 1 0 0 0 0 0 0 0 0 0
VR_kLczq9zs 2015-12-04 0 0 0 0 0 0 0 0 0 0
VR_kLczq9zs 2015-12-05 0 0 0 0 0 0 0 0 0 0
VR_kLczq9zs 2015-12-06 1 0 0 0 0 0 0 0 0 0
VR_kLczq9zs 2015-12-07 2 0 0 0 0 0 0 0 0 0
VR_kLczq9zs 2015-12-08 0 0 0 0 0 0 0 0 0 0
VR_kLczq9zs 2015-12-09 3 1 1 0 0 0 0 0 0 0
VR_kLczq9zs 2015-12-10 0 0 0 0 0 0 0 0 0 0
VR_kLczq9zs 2015-12-11 1 1 0 0 1 0 0 0 0 0
VR_kLczq9zs 2015-12-12 0 0 0 0 0 0 0 0 0 0
VR_kLczq9zs 2015-12-13 2 2 1 0 1 0 0 0 0 0
VR_kLczq9zs 2015-12-14 2 2 2 0 0 0 0 0 0 0
VR_kLczq9zs 2015-12-15 1 1 1 0 0 0 0 0 0 0
VR_kLczq9zs 2015-12-16 2 2 1 0 1 0 0 0 0 0
VR_kLczq9zs 2015-12-17 0 0 0 0 0 0 0 0 0 0
VR_kLczq9zs 2015-12-18 3 3 3 0 0 0 0 0 0 0
VR_kLczq9zs 2015-12-19 0 0 0 0 0 0 0 0 0 0
VR_kLczq9zs 2015-12-20 1 0 0 0 0 0 0 0 0 0
VR_kLczq9zs 2015-12-21 1 0 0 0 0 0 0 0 0 0
VR_kLczq9zs 2015-12-22 0 0 0 0 0 0 0 0 0 0
VR_kLczq9zs 2015-12-23 0 0 0 0 0 0 0 0 0 0
VR_kLczq9zs 2015-12-24 0 0 0 0 0 0 0 0 0 0
VR_kLczq9zs 2015-12-25 0 0 0 0 0 0 0 0 0 0
VR_kLczq9zs 2015-12-26 4 3 2 0 1 0 0 0 0 0
VR_kLczq9zs 2015-12-27 0 0 0 0 0 0 0 0 0 0
VR_kLczq9zs 2015-12-28 2 1 1 0 0 0 0 0 0 0
VR_kLczq9zs 2015-12-29 6 3 2 1 0 0 0 0 0 0
VR_kLczq9zs 2015-12-30 1 0 0 0 0 0 0 0 0 0
VR_kLczq9zs 2015-12-31 0 0 0 0 0 0 0 0 0 0
VR_kLczq9zs 2016-01-01 3 2 1 0 1 0 0 0 0 0
VR_kLczq9zs 2016-01-02 0 0 0 0 0 0 0 0 0 0
VR_kLczq9zs 2016-01-03 1 1 0 0 1 0 0 0 0 0
VR_kLczq9zs 2016-01-04 0 0 0 0 0 0 0 0 0 0
VR_kLczq9zs 2016-01-05 3 1 1 0 0 0 0 0 0 0
VR_kLczq9zs 2016-01-06 1 0 0 0 0 0 0 0 0 0
VR_kLczq9zs 2016-01-07 2 1 1 0 0 0 0 0 0 0
VR_kLczq9zs 2016-01-08 1 0 0 0 0 0 0 0 0 0
VR_kLczq9zs 2016-01-09 2 1 0 1 0 0 0 0 0 0
VR_kLczq9zs 2016-01-10 1 0 0 0 0 0 0 0 0 0
VR_kLczq9zs 2016-01-11 0 0 0 0 0 0 0 0 0 0
VR_kLczq9zs 2016-01-12 1 0 0 0 0 0 0 0 0 0
VR_kLczq9zs 2016-01-13 2 1 1 0 0 0 0 0 0 0
VR_kLczq9zs 2016-01-14 3 1 0 0 1 0 0 0 0 0
VR_kLczq9zs 2016-01-15 1 1 0 1 0 0 0 0 0 0
VR_kLczq9zs 2016-01-16 1 1 0 0 1 0 0 0 0 0
VR_kLczq9zs 2016-01-17 2 1 1 0 0 0 0 0 0 0
VR_kLczq9zs 2016-01-18 0 0 0 0 0 0 0 0 0 0
VR_kLczq9zs 2016-01-19 3 3 2 0 1 0 0 0 0 0
VR_kLczq9zs 2016-01-20 0 0 0 0 0 0 0 0 0 0
VR_kLczq9zs 2016-01-21 1 0 0 0 0 0 0 0 0 0
VR_kLczq9zs 2016-01-22 1 1 1 0 0 0 0 0 0 0
VR_kLczq9zs 2016-01-23 3 1 1 0 0 0 0 0 0 0
VR_kLczq9zs 2016-01-24 3 1 1 0 0 0 0 0 0 0
VR_kLczq9zs 2016-01-25 1 0 0 0 0 0 0 0 0 0
VR_kLczq9zs 2016-01-26 2 1 1 0 0 0 0 0 0 0
VR_kLczq9zs 2016-01-27 3 2 2 0 0 0 0 0 0 0
VR_kLczq9zs 2016-01-28 1 0 0 0 0 0 0 0 0 0
VR_kLczq9zs 2016-01-29 4 2 2 0 0 0 0 0 0 0
VR_kLczq9zs 2016-01-30 2 1 1 0 0 0 0 0 0 0
VR_kLczq9zs 2016-01-31 1 1 1 0 0 0 0 0 0 0
VR_kLczq9zs 2016-02-01 0 0 0 0 0 0 0 0 0 0
VR_kLczq9zs 2016-02-02 3 2 0 0 2 0 0 0 0 0
VR_kLczq9zs 2016-02-03 3 2 2 0 0 0 0 0 0 0
VR_kLczq9zs 2016-02-04 0 0 0 0 0 0 0 0 0 0
VR_kLczq9zs 2016-02-05 4 0 0 0 0 0 0 0 0 0
VR_kLczq9zs 2016-02-06 1 0 0 0 0 0 0 0 0 0
VR_kLczq9zs 2016-02-07 1 1 1 0 0 0 0 0 0 0
VR_kLczq9zs 2016-02-08 3 1 1 0 0 0 0 0 0 0
VR_kLczq9zs 2016-02-09 1 1 0 0 1 0 0 0 0 0
VR_kLczq9zs 2016-02-10 1 1 1 0 0 0 0 0 0 0
VR_kLczq9zs 2016-02-11 7 4 4 0 0 0 0 0 0 0
VR_kLczq9zs 2016-02-12 7 2 1 0 1 0 0 0 0 0
VR_kLczq9zs 2016-02-13 3 3 1 1 1 0 0 0 0 0
VR_kLczq9zs 2016-02-14 2 0 0 0 0 0 0 0 0 0
VR_kLczq9zs 2016-02-15 5 0 0 0 0 0 0 0 0 0
VR_kLczq9zs 2016-02-16 1 1 0 0 1 0 0 0 0 0
VR_kLczq9zs 2016-02-17 0 0 0 0 0 0 0 0 0 0
VR_kLczq9zs 2016-02-18 1 0 0 0 0 0 0 0 0 0
VR_kLczq9zs 2016-02-19 1 1 0 0 1 0 0 0 0 0
VR_kLczq9zs 2016-02-20 1 0 0 0 0 0 0 0 0 0
VR_kLczq9zs 2016-02-21 2 1 1 0 0 0 0 0 0 0
VR_kLczq9zs 2016-02-22 0 0 0 0 0 0 0 0 0 0
VR_kLczq9zs 2016-02-23 2 1 0 0 1 0 0 0 0 0
VR_kLczq9zs 2016-02-24 1 1 1 0 0 0 0 0 0 0
VR_kLczq9zs 2016-02-25 7 2 0 0 2 0 0 0 0 0
VR_kLczq9zs 2016-02-26 9 1 0 0 1 0 0 0 0 0
VR_kLczq9zs 2016-02-27 1 0 0 0 0 0 0 0 0 0
VR_kLczq9zs 2016-02-28 2 1 1 0 0 0 0 0 0 0
VR_kLczq9zs 2016-02-29 0 0 0 0 0 0 0 0 0 0
VR_kLczq9zs 2016-03-01 3 2 1 0 1 0 0 0 0 0
VR_kLczq9zs 2016-03-02 4 2 1 1 0 0 0 0 0 0
VR_kLczq9zs 2016-03-03 0 0 0 0 0 0 0 0 0 0
VR_kLczq9zs 2016-03-04 1 1 1 0 0 0 0 0 0 0
VR_kLczq9zs 2016-03-05 2 1 1 0 0 0 0 0 0 0
VR_kLczq9zs 2016-03-06 1 0 0 0 0 0 0 0 0 0
VR_kLczq9zs 2016-03-07 1 0 0 0 0 0 0 0 0 0
VR_kLczq9zs 2016-03-08 1 1 0 0 1 0 0 0 0 0
VR_kLczq9zs 2016-03-09 1 1 1 0 0 0 0 0 0 0
VR_kLczq9zs 2016-03-10 0 0 0 0 0 0 0 0 0 0
VR_kLczq9zs 2016-03-11 3 0 0 0 0 0 0 0 0 0
VR_kLczq9zs 2016-03-12 4 1 0 1 0 0 0 0 0 0
VR_kLczq9zs 2016-03-13 5 1 1 0 0 0 0 0 0 0
VR_kLczq9zs 2016-03-14 7 0 0 0 0 0 0 0 0 0
VR_kLczq9zs 2016-03-15 3 0 0 0 0 0 0 0 0 0
VR_kLczq9zs 2016-03-16 1 1 1 0 0 0 0 0 0 0
VR_kLczq9zs 2016-03-17 0 0 0 0 0 0 0 0 0 0
VR_kLczq9zs 2016-03-18 7 0 0 0 0 0 0 0 0 0
VR_kLczq9zs 2016-03-19 3 1 1 0 0 0 0 0 0 0
VR_kLczq9zs 2016-03-20 32 6 4 0 2 0 0 0 0 0
VR_kLczq9zs 2016-03-21 26 4 4 0 0 0 0 0 0 0
VR_kLczq9zs 2016-03-22 7 0 0 0 0 0 0 0 0 0
VR_kLczq9zs 2016-03-23 8 2 2 0 0 0 0 0 0 0
VR_kLczq9zs 2016-03-24 1 0 0 0 0 0 0 0 0 0
VR_kLczq9zs 2016-03-25 1 1 1 0 0 0 0 0 0 0
VR_kLczq9zs 2016-03-26 1 1 1 0 0 0 0 0 0 0
VR_kLczq9zs 2016-03-27 46 4 4 0 0 0 0 0 0 0
VR_kLczq9zs 2016-03-28 2 0 0 0 0 0 0 0 0 0
VR_kLczq9zs 2016-03-29 4 1 1 0 0 0 0 0 0 0
VR_kLczq9zs 2016-03-30 0 0 0 0 0 0 0 0 0 0
VR_kLczq9zs 2016-03-31 4 1 1 0 0 0 0 0 0 0
VR_kLczq9zs 2016-04-01 8 1 1 0 0 0 0 0 0 0
VR_kLczq9zs 2016-04-02 1 1 1 0 0 0 0 0 0 0
VR_kLczq9zs 2016-04-03 1 0 0 0 0 0 0 0 0 0
VR_kLczq9zs 2016-04-04 28 5 4 0 1 0 0 0 0 0
VR_kLczq9zs 2016-04-05 12 1 1 0 0 0 0 0 0 0
VR_kLczq9zs 2016-04-06 30 3 3 0 0 0 0 0 0 0
VR_kLczq9zs 2016-04-07 5 1 0 0 1 0 0 0 0 0
VR_kLczq9zs 2016-04-08 3 0 0 0 0 0 0 0 0 0
VR_kLczq9zs 2016-04-09 2 0 0 0 0 0 0 0 0 0
VR_kLczq9zs 2016-04-10 7 0 0 0 0 0 0 0 0 0
VR_kLczq9zs 2016-04-11 9 4 4 0 0 0 0 0 0 0
VR_kLczq9zs 2016-04-12 3 2 1 1 0 0 0 0 0 0
VR_kLczq9zs 2016-04-13 5 1 1 0 0 0 0 0 0 0
VR_kLczq9zs 2016-04-14 2 0 0 0 0 0 0 0 0 0
VR_kLczq9zs 2016-04-15 2 0 0 0 0 0 0 0 0 0
VR_kLczq9zs 2016-04-16 2 1 1 0 0 0 0 0 0 0
VR_kLczq9zs 2016-04-17 3 1 1 0 0 0 0 0 0 0
VR_kLczq9zs 2016-04-18 3 0 0 0 0 0 0 0 0 0
VR_kLczq9zs 2016-04-19 0 0 0 0 0 0 0 0 0 0
VR_kLczq9zs 2016-04-20 0 0 0 0 0 0 0 0 0 0
VR_kLczq9zs 2016-04-21 0 0 0 0 0 0 0 0 0 0
VR_kLczq9zs 2016-04-22 3 3 3 0 0 0 0 0 0 0
VR_kLczq9zs 2016-04-23 2 1 1 0 0 0 0 0 0 0
VR_kLczq9zs 2016-04-24 0 0 0 0 0 0 0 0 0 0
VR_kLczq9zs 2016-04-25 1 0 0 0 0 0 0 0 0 0
VR_kLczq9zs 2016-04-26 4 1 0 1 0 0 0 0 0 0
VR_kLczq9zs 2016-04-27 1 1 1 0 0 0 0 0 0 0
VR_kLczq9zs 2016-04-28 6 0 0 0 0 0 0 0 0 0
VR_kLczq9zs 2016-04-29 5 5 2 0 3 0 0 0 0 0
VR_kLczq9zs 2016-04-30 0 0 0 0 0 0 0 0 0 0
VR_kLczq9zs 2016-05-01 3 1 1 0 0 0 0 0 0 0
VR_kLczq9zs 2016-05-02 10 5 4 1 0 0 0 0 0 0
VR_kLczq9zs 2016-05-03 9 2 2 0 0 0 0 0 0 0
VR_kLczq9zs 2016-05-04 0 0 0 0 0 0 0 0 0 0
VR_kLczq9zs 2016-05-05 2 0 0 0 0 0 0 0 0 0
VR_kLczq9zs 2016-05-06 1 1 0 0 1 0 0 0 0 0
VR_kLczq9zs 2016-05-07 3 2 2 0 0 0 0 0 0 0
VR_kLczq9zs 2016-05-08 4 1 0 0 1 0 0 0 0 0
VR_kLczq9zs 2016-05-09 7 6 3 0 3 0 0 0 0 0
VR_kLczq9zs 2016-05-10 0 0 0 0 0 0 0 0 0 0
VR_kLczq9zs 2016-05-11 2 1 0 0 1 0 0 0 0 0
VR_kLczq9zs 2016-05-12 0 0 0 0 0 0 0 0 0 0
VR_kLczq9zs 2016-05-13 2 1 0 0 1 0 0 0 0 0
VR_kLczq9zs 2016-05-14 3 3 2 0 1 0 0 0 0 0
VR_kLczq9zs 2016-05-15 6 2 1 0 1 0 0 0 0 0
VR_kLczq9zs 2016-05-16 3 0 0 0 0 0 0 0 0 0
VR_kLczq9zs 2016-05-17 1 0 0 0 0 0 0 0 0 0
VR_kLczq9zs 2016-05-18 8 4 3 0 1 0 0 0 0 0
VR_kLczq9zs 2016-05-19 1 1 1 0 0 0 0 0 0 0
VR_kLczq9zs 2016-05-20 1 1 1 0 0 0 0 0 0 0
VR_kLczq9zs 2016-05-21 3 3 3 0 0 0 0 0 0 0
VR_kLczq9zs 2016-05-22 0 0 0 0 0 0 0 0 0 0
VR_kLczq9zs 2016-05-23 2 0 0 0 0 0 0 0 0 0
VR_kLczq9zs 2016-05-24 1 1 1 0 0 0 0 0 0 0
VR_kLczq9zs 2016-05-25 2 1 0 0 1 0 0 0 0 0
VR_kLczq9zs 2016-05-26 0 0 0 0 0 0 0 0 0 0
VR_kLczq9zs 2016-05-27 11 5 5 0 0 0 0 0 0 0
VR_kLczq9zs 2016-05-28 5 1 0 0 1 0 0 0 0 0
VR_kLczq9zs 2016-05-29 1 0 0 0 0 0 0 0 0 0
VR_kLczq9zs 2016-05-30 2 1 1 0 0 0 0 0 0 0
VR_kLczq9zs 2016-05-31 0 0 0 0 0 0 0 0 0 0
VR_kLczq9zs 2016-06-01 1 0 0 0 0 0 0 0 0 0
VR_kLczq9zs 2016-06-02 1 1 0 0 1 0 0 0 0 0
VR_kLczq9zs 2016-06-03 2 2 2 0 0 0 0 0 0 0
VR_kLczq9zs 2016-06-04 0 0 0 0 0 0 0 0 0 0
VR_kLczq9zs 2016-06-05 1 1 1 0 0 0 0 0 0 0
VR_kLczq9zs 2016-06-06 1 0 0 0 0 0 0 0 0 0
VR_kLczq9zs 2016-06-07 2 0 0 0 0 0 0 0 0 0
VR_kLczq9zs 2016-06-08 0 0 0 0 0 0 0 0 0 0
VR_kLczq9zs 2016-06-09 0 0 0 0 0 0 0 0 0 0
VR_kLczq9zs 2016-06-10 0 0 0 0 0 0 0 0 0 0
VR_kLczq9zs 2016-06-11 0 0 0 0 0 0 0 0 0 0
VR_kLczq9zs 2016-06-12 0 0 0 0 0 0 0 0 0 0
VR_kLczq9zs 2016-06-13 3 1 1 0 0 0 0 0 0 0
VR_kLczq9zs 2016-06-14 0 0 0 0 0 0 0 0 0 0
VR_kLczq9zs 2016-06-15 4 1 1 0 0 0 0 0 0 0
VR_kLczq9zs 2016-06-16 0 0 0 0 0 0 0 0 0 0
VR_kLczq9zs 2016-06-17 3 0 0 0 0 0 0 0 0 0
VR_kLczq9zs 2016-06-18 1 1 1 0 0 0 0 0 0 0
VR_kLczq9zs 2016-06-19 2 0 0 0 0 0 0 0 0 0
VR_kLczq9zs 2016-06-20 3 0 0 0 0 0 0 0 0 0
VR_kLczq9zs 2016-06-21 6 4 4 0 0 0 0 0 0 0
VR_kLczq9zs 2016-06-22 8 1 1 0 0 0 0 0 0 0
VR_kLczq9zs 2016-06-23 9 1 0 0 1 0 0 0 0 0
VR_kLczq9zs 2016-06-24 13 6 4 0 2 0 0 0 0 0
VR_kLczq9zs 2016-06-25 15 4 2 0 2 0 0 0 0 0
VR_kLczq9zs 2016-06-26 11 4 2 2 0 0 0 0 0 0
VR_kLczq9zs 2016-06-27 10 2 0 0 2 0 0 0 0 0
VR_kLczq9zs 2016-06-28 4 2 1 0 1 0 0 0 0 0
VR_kLczq9zs 2016-06-29 9 2 2 0 0 0 0 0 0 0
VR_kLczq9zs 2016-06-30 6 2 1 0 1 0 0 0 0 0
VR_kLczq9zs 2016-07-01 6 2 2 0 0 0 0 0 0 0
VR_kLczq9zs 2016-07-02 11 1 0 1 0 0 0 0 0 0
VR_kLczq9zs 2016-07-03 2 0 0 0 0 0 0 0 0 0
VR_kLczq9zs 2016-07-04 11 9 9 0 0 0 0 0 0 0
VR_kLczq9zs 2016-07-05 2 1 1 0 0 0 0 0 0 0
VR_kLczq9zs 2016-07-06 2 0 0 0 0 0 0 0 0 0
VR_kLczq9zs 2016-07-07 1 0 0 0 0 0 0 0 0 0
VR_kLczq9zs 2016-07-08 2 0 0 0 0 0 0 0 0 0
VR_kLczq9zs 2016-07-09 9 1 1 0 0 0 0 0 0 0
VR_kLczq9zs 2016-07-10 5 0 0 0 0 0 0 0 0 0
VR_kLczq9zs 2016-07-11 0 0 0 0 0 0 0 0 0 0
VR_kLczq9zs 2016-07-12 1 0 0 0 0 0 0 0 0 0
VR_kLczq9zs 2016-07-13 2 0 0 0 0 0 0 0 0 0
VR_kLczq9zs 2016-07-14 0 0 0 0 0 0 0 0 0 0
VR_kLczq9zs 2016-07-15 1 1 1 0 0 0 0 0 0 0
VR_kLczq9zs 2016-07-16 11 3 1 1 1 0 0 0 0 0
VR_kLczq9zs 2016-07-17 7 2 1 0 1 0 0 0 0 0
VR_kLczq9zs 2016-07-18 12 3 2 0 1 0 0 0 0 0
VR_kLczq9zs 2016-07-19 3 2 1 0 1 0 0 0 0 0
VR_kLczq9zs 2016-07-20 5 1 0 0 1 0 0 0 0 0
VR_kLczq9zs 2016-07-21 1 0 0 0 0 0 0 0 0 0
VR_kLczq9zs 2016-07-22 6 5 5 0 0 0 0 0 0 0
VR_kLczq9zs 2016-07-23 9 4 2 0 2 0 0 0 0 0
VR_kLczq9zs 2016-07-24 6 3 1 1 1 0 0 0 0 0
VR_kLczq9zs 2016-07-25 8 1 1 0 0 0 0 0 0 0
VR_kLczq9zs 2016-07-26 10 5 5 0 0 0 0 0 0 0
VR_kLczq9zs 2016-07-27 11 8 6 0 2 0 0 0 0 0
VR_kLczq9zs 2016-07-28 14 5 3 0 2 0 0 0 0 0
VR_kLczq9zs 2016-07-29 13 4 4 0 0 0 0 0 0 0
VR_kLczq9zs 2016-07-30 0 0 0 0 0 0 0 0 0 0
VR_kLczq9zs 2016-07-31 4 0 0 0 0 0 0 0 0 0
VR_kLczq9zs 2016-08-01 11 5 0 0 5 0 0 0 0 0
